dem1.in
[[0, 0, 0, 0, 0, 1, 0, 0, 0, 0, 0, 0, 0, 0, 0, 0, 0, 0, 0, 0, 0, 0, 0, 0, 0, 0, 0, 0, 0, 0, 0, 0, 0, 0, 0, 0, 0, 0, 0, 0, 0, 0, 0, 0, 0, 0, 0, 0, 0, 0, 1, 0, 0, 0, 0, 0, 0, 0, 0, 0, 0, 0, 0, 0, 0, 0, 0, 0, 0, 0, 0, 0, 0, 0, 0, 0, 1, 0, 0, 0, 0, 0, 0, 0, 0, 0, 0, 0, 0, 0, 0, 0, 0, 0, 0, 0, 0, 1, 0, 0], [5, 97, 76, 5, 50, 97, 50, 76, 97, 76, 5, 50, 97, 5, 97, 97, 76, 76, 97, 76, 76, 97, 76, 5, 97, 50, 5, 50, 5, 76, 5, 50, 5, 97, 50, 76, 5, 50, 5, 97, 97, 76, 50, 76, 97, 5, 5, 76, 97, 97, 76, 5, 5, 50, 97, 5, 5, 50, 97, 97, 76, 76, 50, 76, 97, 97, 5, 76, 76, 97, 50, 76, 5, 50, 50, 5, 97, 76, 97, 50, 76, 50, 5, 97, 76, 5, 76, 97, 97, 50, 76, 50, 5, 5, 97, 50, 5, 50, 76, 97], 0.022078946077302597, 4]
174.9907147884369s
dem4.in
[[0, 0, 0, 0, 0, 0, 0, 0, 0, 1, 0, 0, 0, 0, 0, 0, 0, 0, 0, 0, 1, 0, 0, 0, 0, 0, 0, 0, 0, 0, 0, 0, 0, 0, 0, 0, 0, 0, 0, 0, 0, 0, 1, 0, 0, 0, 0, 0, 0, 0, 0, 0, 0, 0, 0, 0, 0, 0, 0, 0, 0, 0, 0, 0, 0, 0, 1, 0, 0, 0, 0, 0, 0, 0, 0, 0, 0, 0, 0, 0, 0, 0, 0, 0, 0, 0, 0, 0, 0, 0, 0, 0, 0, 0, 0, 0, 0, 0, 0, 0], [66, 42, 66, 20, 9, 66, 42, 66, 20, 42, 9, 66, 20, 66, 66, 20, 66, 9, 9, 42, 20, 42, 42, 20, 66, 42, 20, 66, 42, 9, 66, 66, 66, 66, 9, 42, 9, 66, 42, 20, 42, 20, 9, 66, 9, 42, 66, 42, 66, 66, 20, 42, 20, 9, 42, 20, 9, 66, 66, 20, 42, 66, 20, 42, 66, 9, 42, 66, 20, 20, 66, 42, 66, 42, 66, 42, 66, 66, 9, 42, 20, 66, 66, 20, 42, 42, 66, 20, 42, 9, 42, 66, 66, 20, 42, 66, 20, 66, 42, 20], 0.021309178945525663, 4]
144.12307810783386s
dem8.in
[[0, 0, 0, 0, 0, 0, 0, 0, 0, 0, 0, 0, 0, 0, 0, 0, 0, 0, 0, 0, 0, 0, 0, 0, 0, 0, 0, 0, 0, 0, 0, 0, 0, 0, 0, 0, 0, 1, 0, 1, 0, 0, 0, 0, 0, 0, 0, 0, 0, 0, 0, 1, 0, 0, 0, 0, 1, 0, 0, 0, 0, 0, 0, 0, 0, 0, 0, 0, 0, 0, 0, 0, 0, 0, 0, 0, 0, 0, 0, 0, 0, 0, 0, 0, 0, 0, 0, 0, 0, 0, 0, 0, 0, 0, 0, 0, 0, 0, 0, 0], [37, 39, 51, 56, 51, 39, 39, 56, 39, 51, 56, 37, 51, 56, 37, 39, 39, 51, 39, 51, 56, 37, 39, 51, 56, 51, 56, 51, 39, 51, 37, 51, 56, 39, 51, 39, 56, 37, 51, 39, 39, 56, 56, 39, 56, 37, 37, 39, 37, 39, 39, 39, 56, 51, 56, 56, 39, 37, 56, 37, 39, 51, 51, 51, 39, 56, 39, 39, 51, 56, 56, 51, 37, 56, 37, 39, 37, 51, 39, 51, 56, 39, 39, 56, 51, 39, 37, 56, 56, 37, 56, 37, 51, 56, 56, 39, 51, 37, 56, 39], 0.02932928098613586, 4]
135.42839121818542s
dem10.in
[[1, 0, 0, 0, 0, 0, 0, 0, 0, 0, 0, 1, 0, 0, 0, 0, 0, 0, 0, 0, 1, 1, 1, 0, 0, 0, 0, 0, 0, 0, 0, 0, 0, 0, 0, 0, 0, 0, 0, 0, 0, 0, 0, 0, 0, 0, 0, 0, 0, 0, 1, 0, 0, 0, 0, 0, 0, 0, 0, 0, 1, 0, 0, 0, 1, 0, 0, 0, 0, 0, 0, 0, 0, 0, 1, 0, 0, 0, 0, 0, 0, 0, 0, 0, 0, 0, 0, 1, 0, 0, 1, 0, 0, 0, 0, 0, 0, 0, 0, 0], [20, 64, 74, 11, 60, 22, 60, 50, 11, 0, 60, 22, 64, 50, 87, 60, 60, 21, 60, 60, 21, 74, 60, 90, 20, 50, 11, 64, 60, 11, 64, 21, 60, 20, 87, 60, 22, 21, 64, 64, 64, 21, 22, 64, 60, 60, 64, 0, 22, 90, 90, 87, 22, 64, 74, 11, 64, 64, 0, 90, 60, 11, 21, 60, 90, 64, 60, 60, 20, 90, 90, 87, 22, 50, 87, 22, 90, 60, 60, 60, 0, 87, 20, 87, 74, 64, 87, 64, 60, 60, 50, 87, 87, 22, 0, 11, 87, 74, 20, 64], 0.09575189337710989, 11]
274.5855770111084s
dem3.in
[[0, 0, 0, 0, 0, 0, 0, 0, 0, 0, 0, 0, 0, 0, 0, 0, 0, 0, 1, 0, 0, 0, 0, 0, 0, 0, 0, 0, 0, 0, 0, 0, 0, 0, 0, 0, 0, 0, 0, 0, 0, 0, 0, 0, 0, 0, 0, 0, 0, 0, 0, 0, 0, 0, 0, 0, 0, 0, 1, 0, 0, 0, 0, 0, 1, 0, 0, 0, 0, 0, 0, 0, 0, 0, 1, 0, 0, 0, 0, 0, 0, 0, 0, 0, 0, 0, 1, 0, 0, 0, 0, 0, 0, 0, 0, 0, 0, 0, 0, 0], [86, 18, 58, 58, 18, 64, 64, 18, 18, 64, 58, 86, 64, 18, 58, 18, 18, 58, 86, 58, 18, 64, 74, 18, 58, 18, 18, 74, 86, 18, 18, 58, 86, 18, 64, 18, 64, 64, 64, 86, 18, 86, 18, 86, 18, 64, 74, 18, 58, 64, 74, 86, 18, 58, 18, 18, 64, 18, 18, 58, 58, 64, 18, 18, 58, 74, 18, 64, 18, 18, 64, 18, 86, 58, 86, 18, 58, 86, 64, 74, 18, 58, 18, 18, 18, 86, 18, 64, 18, 74, 64, 58, 18, 64, 18, 18, 58, 74, 64, 86], 0.015714720145212756, 5]
156.52959203720093s
dem5.in
[[0, 0, 1, 0, 0, 0, 0, 0, 0, 0, 0, 0, 0, 0, 0, 0, 0, 0, 0, 0, 0, 0, 0, 1, 0, 0, 0, 0, 0, 0, 0, 0, 0, 0, 0, 0, 0, 0, 0, 0, 0, 0, 0, 0, 0, 0, 0, 0, 0, 0, 0, 0, 0, 0, 0, 0, 0, 0, 0, 0, 0, 0, 0, 0, 0, 0, 0, 0, 0, 0, 0, 0, 0, 0, 0, 0, 0, 0, 0, 0, 0, 0, 0, 0, 0, 0, 0, 0, 0, 0, 0, 0, 1, 0, 1, 0, 0, 0, 0, 0], [92, 23, 23, 94, 94, 92, 2, 92, 2, 23, 92, 92, 92, 2, 23, 2, 92, 23, 2, 92, 23, 94, 92, 2, 23, 92, 92, 92, 23, 2, 2, 92, 92, 92, 94, 2, 94, 94, 94, 2, 2, 94, 23, 94, 23, 92, 23, 23, 92, 92, 2, 23, 92, 94, 23, 92, 23, 2, 92, 92, 92, 2, 23, 92, 23, 92, 23, 23, 2, 92, 2, 92, 23, 2, 23, 92, 92, 92, 2, 23, 2, 2, 23, 92, 94, 23, 23, 92, 2, 94, 23, 2, 2, 92, 23, 92, 2, 92, 92, 92], 0.030456020254106722, 4]
135.91855144500732s
dem6.in
[[0, 1, 0, 0, 0, 0, 0, 0, 0, 0, 0, 0, 0, 0, 0, 0, 0, 0, 0, 0, 0, 0, 0, 0, 0, 0, 0, 0, 0, 0, 0, 0, 0, 0, 0, 0, 0, 1, 0, 0, 0, 0, 0, 0, 0, 0, 0, 0, 0, 0, 0, 0, 0, 0, 0, 0, 0, 1, 0, 1, 0, 1, 0, 0, 0, 0, 0, 0, 0, 0, 0, 0, 0, 0, 0, 0, 0, 0, 0, 0, 0, 0, 0, 0, 0, 0, 0, 0, 0, 0, 0, 0, 0, 0, 0, 0, 0, 0, 0, 0], [59, 37, 57, 1, 59, 59, 59, 57, 1, 59, 61, 59, 59, 37, 59, 59, 59, 61, 59, 59, 57, 1, 37, 59, 37, 59, 57, 59, 59, 61, 59, 59, 1, 59, 61, 59, 59, 1, 61, 37, 37, 59, 59, 59, 57, 59, 1, 59, 59, 59, 59, 59, 57, 61, 37, 59, 59, 57, 37, 1, 59, 1, 1, 59, 59, 59, 1, 59, 1, 61, 61, 59, 59, 37, 59, 1, 37, 57, 37, 37, 59, 1, 57, 59, 59, 57, 59, 61, 37, 59, 59, 61, 59, 57, 57, 59, 37, 59, 59, 59], 0.013462461186286644, 5]
181.21565437316895s
dem7.in
[[0, 0, 0, 0, 0, 0, 0, 0, 0, 0, 0, 0, 0, 0, 0, 0, 0, 0, 0, 0, 0, 0, 0, 0, 0, 0, 0, 0, 0, 0, 0, 0, 0, 0, 0, 0, 0, 0, 0, 0, 0, 0, 0, 0, 0, 0, 0, 0, 1, 0, 1, 0, 0, 0, 0, 1, 0, 0, 0, 1, 0, 0, 0, 0, 0, 0, 0, 0, 0, 0, 1, 0, 0, 0, 0, 0, 0, 0, 0, 0, 0, 0, 0, 0, 0, 0, 1, 0, 0, 0, 0, 0, 0, 0, 0, 0, 0, 0, 0, 0], [70, 86, 70, 48, 70, 86, 48, 50, 59, 50, 70, 50, 48, 48, 55, 48, 70, 50, 86, 86, 86, 55, 59, 86, 50, 70, 50, 86, 86, 70, 70, 86, 86, 55, 70, 48, 70, 70, 48, 86, 48, 70, 48, 70, 59, 86, 48, 48, 86, 50, 48, 50, 48, 70, 70, 59, 48, 70, 50, 86, 70, 70, 48, 48, 70, 48, 86, 86, 86, 48, 70, 86, 86, 70, 59, 48, 70, 86, 48, 70, 55, 48, 50, 48, 70, 50, 70, 70, 48, 48, 86, 86, 55, 70, 70, 70, 86, 48, 86, 70], 0.03801600084699659, 6]
184.14242362976074s
dem9.in
[[0, 0, 0, 0, 0, 0, 0, 0, 0, 0, 0, 0, 0, 0, 0, 0, 0, 0, 0, 0, 0, 0, 0, 1, 0, 0, 0, 0, 0, 0, 0, 0, 0, 0, 0, 0, 0, 1, 0, 0, 0, 0, 1, 0, 0, 0, 0, 0, 0, 0, 0, 0, 1, 0, 0, 0, 0, 0, 0, 0, 0, 0, 0, 0, 0, 0, 0, 0, 0, 0, 0, 0, 0, 0, 0, 0, 0, 0, 0, 0, 0, 0, 0, 0, 0, 0, 0, 0, 0, 0, 0, 0, 0, 0, 0, 0, 0, 0, 0, 0], [42, 23, 37, 23, 37, 52, 37, 52, 52, 23, 42, 37, 52, 52, 42, 42, 52, 23, 52, 37, 52, 42, 37, 42, 52, 23, 52, 42, 37, 52, 23, 52, 23, 23, 23, 42, 42, 42, 23, 52, 23, 37, 37, 37, 37, 37, 52, 42, 23, 52, 37, 37, 37, 37, 52, 52, 52, 52, 42, 52, 52, 23, 37, 52, 42, 52, 52, 52, 23, 52, 42, 37, 23, 23, 37, 52, 37, 52, 42, 37, 37, 42, 42, 42, 52, 23, 52, 52, 42, 42, 23, 37, 23, 23, 42, 52, 23, 37, 42, 37], 0.03363982640579627, 4]
174.46813344955444s
