500.0 500.0
1 10
100 100 10
431.3989913824339 63.35891410986666 2563.1667263943314
192.2225891267289 270.4881572684162 2624.196419803193
142.11069967454472 496.5405295352855 2187.1134041173095
33.80683963380654 211.19313610900974 3017.937663558023
171.46205286451755 489.25808485120655 2149.2448068117064
235.72961473238507 380.459594556744 2325.7225976125483
314.11710300642886 383.33856467494087 2143.156119586064
26.40731705064975 479.95832017149405 2447.653104324334
260.7926563994782 295.4595329939814 2428.232219244501
396.30542198002973 215.4648344380462 2365.7304017717033
446.08661486715295 19.836392436873297 2593.9133080475294
387.04313086604003 376.88566791407095 2082.969620939053
485.61775395281336 201.08102173180743 2271.5763985883805
410.1296980204567 24.279260525492173 2660.472998766405
185.26948848322866 102.5085884220418 2731.1151336411817
51.46865591686128 76.79384011504436 3117.632298898178
38.96739382888919 36.28186224907448 3189.79777478682
486.4422991489298 82.27063265998741 2431.693992248513
229.77287283068753 96.37640454237389 2717.729204498067
218.97579637248816 422.5352141431852 2251.6259733865577
59.62431791213446 466.62898870633506 2399.344169660326
282.9596169741745 32.99647760408675 2829.02210875495
70.05784196377496 146.28758211721905 2823.7794272052593
181.51568228357036 273.47008560014064 2645.854407091164
322.3348038323985 491.29671588225 1932.2394976759394
335.83552818495644 368.1142894395557 2222.313795854584
89.12249295346014 186.1496288704587 2742.9391866753017
494.3587584796472 179.7464812827514 2297.687772390106
322.51731037482244 145.17144651087716 2519.4942244124836
53.31815745165469 299.9619521115928 2754.9062275039214
122.07386141202053 159.22604294486737 2697.054162079047
426.50551058519255 460.62245482313676 1875.7375458062343
490.652082578473 26.074460637807604 2537.7226566573863
333.7714193350094 296.9116080814116 2396.860233582693
106.2109002736023 263.06904921982425 2861.4094627302916
358.06233386159215 371.6359018586422 2150.8694009847263
320.354065855465 468.60862632245875 1928.0978793618904
249.25359301110538 340.7188769739944 2359.2832388651536
257.0121549590906 315.46561925474083 2368.5768186289106
396.7686316160991 28.968892124038636 2668.75034454087
53.35943239694757 118.0380438766585 2983.6434045409014
401.1755251986194 9.37946743964585 2691.5328182656276
304.57177145177656 308.2138375545062 2416.8311872094155
416.31299951113806 9.347013667238057 2676.095853623443
210.19009075599655 122.21516085338541 2687.9710007864524
337.1182995061113 35.321709486980765 2766.2464017155703
137.14281124435334 228.09238819696182 2690.0364098599307
78.7763179346187 338.8440004036109 2646.400928474455
21.79514867134674 299.4935125306899 2782.573579715759
113.99939201032971 245.0749903292565 2862.37730961678
255.99858994403408 495.4969135671296 1995.304073724308
32.77836112438881 141.4426050489707 3030.4801371243925
400.39921585744185 34.60046203968614 2657.0809455643994
13.124319659041983 1.7655904717369664 2959.394150094631
40.64898055359245 401.4711877359079 2586.7458686188656
129.18256300285503 450.39250308965063 2323.4071011017095
384.07147260283364 40.778087204398346 2660.070690220601
319.0252834562147 467.5048718780811 1929.9909422682956
288.0742617212808 15.294207509318925 2884.804043272103
372.2669285367946 431.9885126929693 1922.1534969292816
207.56360521736988 180.58691290326624 2586.967817853909
64.73537970142867 484.6170732218835 2359.2778248437508
117.24390091595261 311.7434304279018 2629.152738455652
155.67166955721885 371.8434650299239 2454.5531549089005
416.48934153474875 280.8607721857085 2297.1751915435616
120.75186261181514 276.2406101609998 2810.1974353348196
119.77330040011952 76.99741082155437 2902.979134258212
2.867320583221755 453.60522250483194 2540.482170818086
19.833549478991575 220.31562224591127 2956.695013953681
257.67514344473057 67.81737303126212 2744.7902557578827
425.5763994923233 66.03372128796248 2580.308466400775
248.68188825937963 361.9130766530174 2340.8518956717808
362.2381336337774 186.30799089955346 2458.9525792950217
84.82306926633265 15.862188060917271 3058.9348808376494
417.56879343167185 401.27503231226046 1948.2571123217144
481.4240332679041 35.285293084481694 2521.80812342052
466.8851804632614 289.3562349348467 2147.5682510363445
451.40824365342274 284.4375692131234 2169.6957087536557
472.6905529192263 228.36627030386364 2221.015226051028
343.36735659138446 13.159522096774179 2783.9093219202737
294.7302418929552 1.8314977014313172 2887.935983759991
187.79653675275932 318.50730274829493 2527.0673409864107
497.15783050608684 271.70854717171255 2207.0310091792594
97.88525063003462 277.07935047156343 2765.877594191338
391.52107369710455 363.1540895645651 2149.076217089042
299.37262166215106 161.33913517623287 2519.8883205655943
42.365477998215276 188.89679804970106 2844.3157635593316
83.1153338853452 357.4322235923354 2602.668744749758
248.75738301255706 419.74881147302233 2157.851693408841
332.66881168448003 137.47387522781423 2511.4652279172024
1.6070676476160894 155.4409570541839 3027.9880831239125
197.86814604958263 112.40545850737959 2691.3332623000915
405.4665189676538 58.31790409349852 2625.0212688990177
33.30507884135009 418.4816202621969 2558.295602493774
126.24897157801979 63.657697678146164 2918.834328910474
209.2581651815239 479.36354286578114 2109.669657681814
398.2851170493476 354.7068322331893 2169.9365923865057
360.9715452292784 213.18263284949583 2446.292363806523
104.70277859737503 235.87846579768757 2796.4713892149443
86.2527877710243 483.0192559492155 2328.7857724704804
126.63275402842777 449.21546917610993 2333.5353509650276
384.5081554178518 319.3749683648251 2274.1902424743575
490.16579563268897 398.36603763922466 1905.4670491079467
235.22227779862303 431.7534041043954 2142.702280726418
348.85027205380084 193.0360324672862 2446.8061477635265
55.42980178906248 106.64488544557798 3010.1447148067145
274.3508500147501 66.16634434423618 2718.4117980156984
349.7435057389011 446.9909822392867 1903.6201378202131
439.7754596238134 389.7337485841939 1955.8183868576298
435.7499029453039 106.66702869430262 2485.6190812592545
346.45452785527425 151.43594843704372 2478.8407344300967
60.01251460635193 247.72236745050597 2882.0001890045714
384.385764490028 200.36509601825202 2393.248931154719
258.627290112875 411.8246692996554 2138.220068258727
52.46509657329512 286.08245354493107 2763.9348457532114
142.11627368812714 306.36785811632546 2619.874737312312
248.479517721088 153.07959371797975 2561.311338117154
274.8730735197346 59.93915246408432 2746.7794243365065
240.82871999276372 214.91159359377204 2589.754343603844
263.05859800496006 288.96025195024947 2428.4843273054485
225.33727835611873 75.9537619090751 2766.944307159903
359.0887802397569 456.34846495402394 1896.3567024102842
277.627971917266 155.41513388725636 2532.232525303196
25.43920649739545 57.68144807230557 3158.2597035788085
18.022619523578697 486.016094030249 2461.0425050212693
418.851140270523 484.0568058899036 1889.556539036645
378.71581208500567 418.43933634065854 1935.879830107402
341.555242018731 344.999521907184 2274.7247363532624
335.350732364643 71.83020033858128 2677.2384831730674
273.20742331216405 451.9064600011178 1984.2252822361252
426.84036404288327 306.2480385238632 2221.0238463702703
230.2421932799052 25.403686276739112 2862.575270441223
244.44761729253116 290.247793088701 2426.16758214693
114.75884346138898 441.1657210808302 2359.3560745278246
42.16217567599767 418.51031336283717 2535.9093927772315
105.28968551004687 173.37117364649518 2702.116579378337
133.59984210120757 112.60792656443147 2767.6703647666645
232.78724716332155 22.860271943388856 2869.1642563637934
477.07712116482713 131.0353185099329 2362.5639078110657
413.46253815784104 196.3486203957943 2346.3893576501355
376.48937738938366 231.0792075007413 2383.0945446151563
212.85797463627387 0.7363752045894678 2924.588788170497
58.55122415319058 244.96191552261521 2891.541029909119
486.00090294805597 196.60266389492804 2263.2235096860513
182.08902944974548 225.16249770929235 2665.734148574499
220.2506944089365 230.8265758821076 2626.0939438792257
485.299776757166 145.14937679022233 2338.7892691837787
414.4638250012307 96.76237094906514 2541.1886042056717
19.979428679223698 267.2317519742497 2830.3791914508515
74.01671491975897 93.98314269128677 3006.946259212811
48.85333905956396 112.38235748536512 3028.7482847187093
104.99404213505514 323.07985611397726 2612.8447744531486
40.9312466868616 136.30047774774334 2991.184682020601
328.56612361147785 343.44941858506166 2293.3247942617645
462.5998215484032 331.19934775983535 2063.796129977038
372.1890957940797 432.9013057482091 1910.7468207737334
379.2670517592066 234.84435457459057 2369.5936983431834
476.73205281825847 268.7757294950394 2163.529885198791
388.12681084662097 14.197916953312683 2701.8875326301795
13.60186999576718 103.3421276441689 3167.3758463089753
342.681680411337 69.39513940074121 2682.123650709684
466.2899579469698 321.03805674866516 2093.336219731389
365.8162893872599 3.351744795759004 2746.2778914668334
163.23399869523925 283.7613205796209 2675.8308826291277
69.31757533212718 31.650076094583202 3048.8121010145555
376.6521217739744 286.38361737566936 2348.7827314007995
282.45150441113447 216.95663266567072 2531.1534405078028
240.49985530470263 194.83176732540997 2559.1140803961766
175.34564889589927 429.4798824710797 2302.7681387748835
16.052214061797688 108.30831325578566 3184.758643670589
76.16038464627911 57.84525772440663 3043.244366056455
141.8191264194587 211.36563056048024 2643.9109982531704
170.02497456999566 39.724034342633 2876.7153284290844
402.40495237652357 443.75852514884826 1880.0822010502527
1.460204336347748 338.7676730946547 2705.8427208441026
48.541468597649015 173.74449405254987 2822.758555535711
39.0028589666685 120.96116046081501 3058.892956534693
159.8606569478404 183.179506892176 2639.712593213514
204.73703123625458 71.76347318190479 2744.0493591838926
241.7179854277531 134.6656832552579 2613.7682520328017
476.23064372095564 29.534535919319204 2533.2639580689156
55.729566048038635 394.7170641813288 2577.842728835085
65.14397663009974 471.07629268943555 2370.1039602436904
79.12710388389965 317.40688482408325 2669.4937726888766
477.2000401472575 411.0854429970751 1877.619867505085
283.12495803939896 348.69627990770925 2293.139610692524
68.99743839551125 404.85835024385716 2540.479266620819
420.6788018275835 280.4441528914862 2272.1697661813614
148.8949524425442 145.29380080767928 2634.44701024518
161.69648315512708 210.35166875676447 2642.861983934006
255.73695848056977 484.74450203758056 1973.6087316226376
154.24037508561068 346.37913760965813 2486.8721133862946
79.3226887233095 318.68798230973266 2666.694956711227
77.63243092440536 143.13127667569304 2802.6852268190332
433.82172713503377 117.87929072165166 2477.911613832468
478.2539194628589 376.2127520062092 1947.2881007065591
117.20275372621126 361.28423202473823 2537.0142913688774
317.366667842873 403.67823776439405 2057.2656436997377
58.6729859253301 496.56037626183803 2347.540643087164
286.0953824924246 355.73933850518193 2272.8298913988865
242.36874007355297 242.19622962201785 2594.599392173111
