500.0 500.0
1 10
100 100 10
276.3304653478171 240.0213192956047 26.732772347074906
115.9631152774705 17.80795653645939 25.37652548041759
44.24510924929726 143.06969926740786 21.21840249564014
59.12346772191196 135.87972392813336 17.642090629001466
86.53920571918178 406.9168469996686 19.881983125412546
310.95938338491396 143.46204511295264 18.440448119777045
243.1586286705185 106.75688282560381 24.98310229922447
248.79873063217528 8.562565944025046 23.786850447894142
326.05024428936576 256.0575309221577 18.955573367527048
469.18585472383717 499.99874768546545 26.50971304423953
17.19866867571229 129.5226048718251 21.919415971764074
38.45716175237002 71.05687059656107 23.617135299051995
85.1400932811186 262.50177017362756 22.0273105867727
61.61237712118467 8.409993380009695 18.649424948712742
365.56775213803115 309.82634455276786 20.328820092645074
481.45133062695675 40.545670216291796 20.1177762503632
376.8087667812148 24.965273966854994 28.023348071694848
369.96457490593656 153.08381860387738 19.766472558449053
198.0776534333487 459.16987487706507 16.729136447100437
55.91152221027684 183.35399591022832 19.902980977136735
138.3345867382224 483.08595516526725 23.979080125216385
458.15380070370793 377.28975368586856 17.577714142864806
67.73852966575156 107.50595921074152 19.953485908997994
297.7742676172843 409.3344889832037 16.63084833568445
132.85319803614476 499.4460664771939 20.42936039277105
394.98836568948775 364.3285089128804 19.138014461331167
372.17383033599134 367.94141393090086 22.301850380091345
74.07331865763817 344.32090757355627 21.814663731527638
158.0748408206622 247.3382361919 19.287588163648152
269.6746202851337 58.75231583147789 22.048837098213387
499.8429715977009 327.2131130481521 21.460127425847894
464.94352140104485 327.03535987831793 17.59752619530829
452.2058395015295 187.66639648999205 20.27260823274162
126.34587418924603 404.7653942577495 19.60629053097917
31.36559329509625 322.302465402371 17.938394831171806
460.58452446111954 276.8538404049974 17.809534818101493
443.1381093488957 365.4552909968661 17.966091917976122
356.1110332333145 151.0438067697905 20.092776320831675
59.36640144261507 48.48076214784358 20.873280288523016
427.1457300850168 138.84943477961227 19.911594921915736
277.76368315392375 148.4140569093551 17.95475298297839
417.128054165901 63.33903374505084 21.475542850162622
430.0680693428387 345.69078675190804 16.877337374195903
115.32437091060865 496.4982565969438 22.309828265513108
81.43754937098564 131.38226829717553 21.666175613243414
146.46315498391866 40.338351017142614 21.226654797664587
111.3548509794528 405.45984756333456 17.362939708557473
339.9838662166167 304.1684039255851 18.676037199690228
160.51833298486622 61.51960445855359 23.4819649949673
203.487885522173 453.9321897073106 16.39962509961071
336.1358108178478 362.83521776904286 16.123534573425516
25.109059730116346 224.06777629539576 21.208256686944118
165.08396081431886 98.37250130208702 19.656859952750594
1.0948635004373597 477.7570278502392 21.84946180389378
450.7291126474403 237.75880625092398 19.528697970990642
288.0686875636489 110.9944288535849 25.480164800328858
328.2761334831613 277.47632412643964 24.13937428186727
79.9013306977383 499.026149105017 21.994368519177513
340.8147671414542 311.5975927253755 17.879975596606627
463.4332864749256 237.8486759916893 19.899347756944227
299.7152962763344 204.04912837866462 20.71760152157246
450.8282768122781 485.633472807931 17.338108417717173
7.7795342198326285 241.8252997986341 25.255850476314603
413.3193973464291 345.75714348471104 24.79640682407372
467.65787351312036 432.3166300448374 17.56593275293482
381.6403597169795 488.90721089624265 15.525072924850937
121.66609268923273 312.7333860595375 23.546833330137897
286.07359251636626 236.40104970434655 23.468474665727086
410.450630177343 1.1810081912562165 19.021287917226772
496.07905536022616 423.9992595376298 16.784188927954766
150.3300709373964 361.0574109950409 20.947946638054574
19.448623946459186 475.53571551549226 19.67588539796006
384.33694022648217 376.4970587414141 25.382163542008477
146.76938715241062 44.49305023124717 21.940738557738676
338.41560804390525 449.569831745772 14.2896161863483
40.12137274705802 313.4515310840674 19.373094756584543
156.96004114261353 328.03769602653415 21.823522748261418
141.27493203942686 86.51265528822749 22.122003484966164
457.03684926169973 419.9683103303873 18.83516122214348
378.4918471885679 143.31652277816863 18.368123316410056
57.72167246256971 74.91283571234686 24.992056448126377
333.69944808964556 428.82852898640647 21.337558920127435
421.09444992564977 476.96837721890387 15.440222204840325
75.51829578325919 286.5534148319234 18.06795110084595
334.39610155198784 410.36136797329044 15.824405080397991
173.00895058153694 477.1665646443045 19.499446715639763
463.0997712948111 407.06021331330686 17.332509733747578
271.9999982436958 81.29168710348917 27.71667509019825
59.28670137972847 2.653029549146646 17.0
261.86410487699516 230.46748100555658 19.559813377621666
160.32340030242847 226.94373604493674 17.906854538946085
136.241398420058 359.2029096074295 18.616397176378086
494.9262343307035 384.1178035217654 16.98784989868742
132.47313778221036 150.96461772303417 22.27967690064879
183.53110293539189 70.50912946071031 21.98178391269085
486.4813388245348 83.4657502940172 18.594283108252853
385.47902884647107 499.41194957609633 14.904194230705787
153.54610544096116 181.44198652632738 20.79546254932791
145.18835731532658 390.4038424095267 19.731533980759245
320.2487259877302 250.48153995368133 19.903692009263736
421.3384677330744 40.730137105201734 6.812712632534957
124.21158643205105 22.88916829226895 12.970868013839478
189.68345533573455 343.44499915365776 11.980310911166484
346.72220743985616 18.78218358068168 13.008868288334593
429.5928788529547 364.46105782170895 7.625064064334451
286.6995708690814 41.85816332969433 7.572818073578938
479.8682309745917 258.15709763715125 11.867904777209095
72.47764598150458 457.3382831492839 11.833527629784234
76.80845468004289 60.8550846435853 12.276618127982847
72.06204014000595 248.2385095313633 12.530697690816785
281.7832725046354 102.6392719272547 18.57057497028972
386.5789885965948 217.4117106034833 7.000000000000002
191.8164094170129 5.225917352273235 10.788682864206795
244.8639190026475 17.00405555213813 12.214685423483859
77.32978651162259 11.986641836154888 13.789232697662978
99.31873449878226 104.84708220489524 11.1668366592645
267.37840071011215 403.16688033041044 8.428173109180177
335.39987513837076 321.4326937778071 15.286538755561423
2.848501903342404 148.71612279005996 6.751780139821131
107.04213751241114 356.03907146583464 8.824056088816086
50.27413100813843 412.57372084622 13.483639097164394
18.790051161596544 309.50960713895455 10.311556401846534
64.94834426644513 337.62281885718284 14.882097708537728
292.81066421731146 159.16643770782534 8.43786715653771
10.09395694343418 159.87224618715607 6.09257170702364
226.43150900740628 329.7054135760081 10.956029830691184
263.550023219556 298.42427032139256 11.41068149073004
378.27938260870127 245.76170427176413 9.00805095543682
203.53875201640793 52.64249550792005 15.624956436404762
149.44776615206106 465.8016050411875 7.258524416351703
477.8002483126604 126.25697532713187 10.245814803720881
407.04958940041485 280.87179678480044 12.43760638051981
342.72407652101424 73.4237094580466 6.9756729197673
108.9826518720361 253.17598029438255 8.310762721863624
160.86277862973503 303.5880692123672 9.089098975086316
260.2589053400646 325.5431829268339 9.097385948535642
376.24471432663967 286.4470133782511 11.606967672052196
376.09611539019005 468.6280592563025 9.28541560517406
351.0827567772651 55.118336713350814 15.860112421145772
294.04235314386784 194.29706424150876 9.83539719754085
190.60721109153417 90.82371299156827 8.976706326582022
270.5166094999437 278.25795415546537 11.96400170269504
391.12944978983046 499.06999935426586 5.402109783740254
246.73916712288118 154.49991213364734 9.973841767822389
278.11175453732085 234.85081596170232 10.459226070812768
395.5749127079058 264.4001326515641 11.211179300589363
410.76933009127447 113.67122657737593 11.128477684762393
236.0119938213583 340.8056025815698 6.1285099229132065
142.89954991948505 96.36697491914865 10.463783993613703
113.71697249872048 10.163339079330813 14.703617719971133
74.57548894780774 270.6307122804106 8.147562002785133
209.287235680412 88.60790416277081 9.52254056448624
429.81660730568393 25.359253501882673 7.395932040745889
150.17311282358898 369.2050670983462 9.904754025938074
236.52012891012265 122.4837983117011 13.539035596008013
446.26107042975786 109.71393663424173 7.199991008479033
343.27780037175154 52.711317546053685 12.36003653664663
453.06343452732796 393.91927186504796 5.255631006720573
121.22318940277505 9.01068428022639 8.50485029206665
63.58317286450088 34.41823274858458 8.949587639984925
296.8620418304348 287.8099780684453 13.308124767340306
160.6692365032178 365.11380133169746 10.803964700760904
238.51659511412393 400.4877941308893 4.197451191231173
293.81402435112506 369.52739116137525 7.620131508174973
276.8011064095154 40.9256359411696 8.108407340608423
343.1382377698043 137.20684810540007 7.722975436936499
494.79795750703704 167.5776251213603 7.5155250242720655
30.442651219144967 480.8681187945627 14.66468670714051
92.4820450833721 180.04902419674428 10.961229595369373
14.26356552699415 114.74967167442458 9.907242686110774
157.66037491544503 392.29134920068253 8.355066702438846
89.213392666946 487.43288234904685 11.405803927047288
165.4754262766741 255.94965691158728 8.637957780996652
299.32280293810607 181.20031653282436 7.240063306564872
194.47306415481853 238.88946925799493 9.5671195135264
464.4389003467981 223.40835039321865 7.080488519719747
84.87037552164223 204.70991850975068 6.08709956747979
234.44279042772138 385.666801734431 4.393024540597593
192.52254599339352 107.82019665937148 14.673943630172056
438.88544993860023 345.0765216488119 6.542287134012985
284.4316171765525 463.3158404861849 7.4017228655795435
466.0201641343825 360.218795012215 8.008928272969744
278.79367955817276 68.71252620430302 10.853005351722262
329.55972467354974 102.08289281012422 11.838581229754883
15.080644565871271 253.42604160138998 7.9706584476806945
357.6606022698 232.0949764416108 6.196039325293073
146.11786665132004 448.7540220136183 7.552853339471984
239.48046857943527 58.245643693144444 9.033518395651146
5.29300246772757 272.60279772500905 8.38587715436889
244.73240674763247 340.838898361252 6.044539308837778
246.71524354251557 465.296063250509 5.283836058401312
494.83397232473396 472.80089988450135 8.083157802082408
283.260731579775 165.59757511982127 10.145191177311363
265.78017162216935 291.0549176112993 11.090192981708881
96.40229916875082 81.85718340009979 12.089566056778123
472.67685389198925 457.3248186536833 9.097338737959518
146.59473204846623 74.27906021404517 10.110668773762063
396.24214222362957 428.8870512797279 5.5842794351470495
61.67408111590833 480.8621056684131 11.228616437166284
68.60495208849726 137.9950744178965 10.690091543000129
246.25086733529807 248.04269732842408 10.847759572027027
