500.0 500.0
1 10
100 100 10
293.18713813426393 233.10241039576422 18.0
315.45753998398726 225.6181316503031 19.683864938711846
475.04119257112563 297.1000275835255 19.14565408818644
405.12219123800014 22.314806672895205 17.451647370855362
42.609081925154 267.6258000562546 19.548074197267383
85.51316321756785 182.0262708306878 16.9805519692176
320.21856551622653 372.7493055107954 20.56953807027513
11.86671611217477 205.42472274329694 22.74668644486991
247.3678356057177 287.3180267691062 21.298451251341803
267.77089904390084 418.56446664964676 21.159108719519264
133.40263090626414 430.08672510020796 23.000000000000004
294.50178440649586 237.83904515098354 19.411587648900586
41.511210999267135 484.35070210501493 20.918227913312506
61.15142132949147 275.1707884467182 20.086741111200347
189.88438648865002 236.57676228753598 20.684647542492804
94.40902513977622 430.66853227361463 21.015803430678183
495.3113494608041 208.57182630755506 18.901387663264693
289.84170995770415 145.63270031443338 23.102986038140088
216.83668135240663 283.7164218001552 24.324154045853554
26.709024295763882 247.3217532730776 20.828713726625136
445.0974790774858 8.65911773482364 16.282443949883373
172.16346306822177 291.0128345298171 26.87295665456677
277.7083832040785 297.3981395304532 23.638169472327654
471.29377571177514 319.93957100394084 17.01208579921183
201.7474743883561 61.20357559615902 17.506081295753493
72.87879314287765 197.38981400856514 18.01869818244724
378.2875144174477 343.6981503065951 19.342497116510458
113.2542283451891 17.463566047854428 18.679319741473066
151.6194576880417 368.61564976702056 23.0
458.7842736911067 257.3719817759842 17.076590746201155
98.44236055559446 88.02944789476786 21.364662526278575
447.04142556190527 337.1425334481953 19.0
475.4542849187431 246.2748682860156 17.278139794631947
140.49207609250774 271.04940076573297 21.733015430613982
387.9077142971054 313.629567378687 19.810929785849364
342.45934807521627 352.88477876132634 19.644884909365558
280.1789102059072 92.34481809967737 24.21342126839729
130.05220403016372 380.43224645944764 22.011343406321032
402.5699264359459 331.3370992802748 23.526996087619466
73.16057489567524 281.17495260599713 20.0
98.67385569936549 276.71200765448293 20.20248707557586
150.4875038162455 78.11243867532063 20.815717559153704
495.3541065224989 38.75717012637131 18.710490391008545
320.05741813745146 299.49236178030094 21.30341702617647
42.30919396603888 411.8113669468791 21.705473111752845
232.23241216023033 115.86764570004482 18.446482432046068
244.3776387044893 295.6814137983531 21.546343654345982
487.27336926123206 222.160894892175 18.74182662873855
14.095978095959527 122.1320359714898 19.3013781888784
399.12792711125115 493.165705426147 21.091867592709026
384.98169996345695 169.72304385994158 18.180813713269494
349.71242497257356 421.1122132724986 21.000000000000004
149.1302972670289 415.04059737193865 22.993292831425332
181.90226761594818 16.863946955935905 19.760907046379273
362.00893539761034 31.801612563224502 18.215549582603252
352.2629437269914 241.30649808540826 20.87741796686025
222.16762048530785 93.23523272405198 18.56647590293843
207.8709971500203 237.4701553170465 22.971625175382155
224.41490206676846 127.81602860441532 18.0
468.4668992723054 51.536913657137696 23.619843721811264
446.9073992931885 281.85724136181744 17.452204431068544
408.7879140107667 210.73913546265194 17.964164170462965
190.21485566265633 56.47495584438561 17.29499116887712
272.4534093945711 166.52681443096225 22.44182963568116
338.4549589621194 172.68824067034882 18.0
40.599408066579855 48.4302324709861 18.0
48.943811214868184 451.49646119397505 21.552691825397083
137.01709984453353 74.25876892793426 20.645910297062493
358.8777821177176 357.7430341711483 19.180805609597563
6.014632238650508 321.3619643628814 25.857081432789414
29.551995675383246 191.00847207651844 19.994820203220684
440.5740148128382 151.17001649374077 20.444090826716625
195.15544549448666 37.80691862821656 17.031089098897333
426.77087628963443 386.2481961733012 18.468481564795155
45.278752657989365 289.73502883454347 24.711777326276682
154.3705926093205 77.92548651207515 21.341249784303642
415.12380140010544 449.5207604627455 19.977612941006832
33.07946965519248 66.90469496141472 17.619061007717058
441.9991927890901 106.53191557783953 20.0
245.14232887175152 329.44124013371544 26.180961259534236
450.4839136763915 190.36506261685304 23.06594617164923
330.76901946903246 5.932650308586362 19.0
486.83329859235056 195.74230422429522 21.851539155140955
437.07302428074127 384.4834456107288 19.74354332899389
441.76018233421587 335.2650130243425 18.66662238290822
239.83743812276293 39.296929992488515 18.82687362305029
342.7757634360574 338.4420436015338 19.479217505562012
350.0092350472656 28.22922887067869 18.0
162.59118705757973 458.3234337095004 22.320221205308815
251.00901091538142 415.2219270019431 21.201802183076286
441.1319364594462 392.2429638237075 17.30592587285887
29.32854697715792 132.13349097122872 24.66837907279117
277.04009499183155 440.79673098860485 21.84065380227903
29.800782764575928 422.24580763516724 20.515003437683216
249.67738768650543 434.7307964598349 21.165256008613472
343.5725317146525 443.3817928020931 22.679986737451387
455.4927637905346 219.23340389256202 18.763238052553895
423.8264660047845 47.341332424708284 16.57702469957693
88.05421797001223 255.99359354774404 18.11310503763626
330.8950707158697 286.15866777731935 19.08481114700799
474.0589746689653 454.19261363953456 9.456252573397258
274.92585100050644 449.7759791166117 10.014829799898713
128.97089131413446 27.481837829036404 7.103658502502267
183.53484840445 48.85696178065441 7.844875309049449
79.48607296723354 265.77456120464 9.655439663629283
279.3244724618021 250.36927211327352 9.990021860735808
399.31083076545275 203.0466613946501 7.336820486211558
64.34115408681457 347.0174405917712 10.131769182637086
273.56897061405715 306.41244847828494 9.370772269862393
498.53119172513004 121.1267426464075 7.387938800278388
118.16365846550492 41.455102520626895 9.76067766643054
436.50964937678054 454.5747721505046 8.0
310.7049358542802 38.71085217305309 8.963649339012708
180.77788663595317 373.70913888215836 12.000000000000002
132.5602436776575 81.38899785317555 10.608065651271906
401.92043217670005 338.05296191130975 12.18055050031109
336.00417079831107 315.00462759420463 9.799351716136457
143.61977576225155 35.54167618280002 11.951475531160932
458.08774050055416 284.67916706036254 6.357911266426894
46.63403030429081 75.23750105105177 6.68871729573062
312.32058365578496 248.41698781156552 8.513735613081785
269.7248821492653 36.67371084807519 12.58782159974787
145.7730912936039 257.94909199653415 12.54629207370895
138.17600664057932 265.9398060221898 9.603585085270645
155.5639842536689 57.59586018544949 11.548812597064877
50.69202340593415 198.73125504111044 8.86159531881317
105.01887902296863 297.69385394617154 8.464712233511232
9.240538007642963 302.5862476240084 13.926673872458917
330.50844284471367 279.8995482379381 9.008638749599674
246.18783958850238 454.2478137195491 10.775319804107895
142.28209642070865 466.9873638733468 8.308987338986862
75.70127700533524 79.60085776866605 6.966146335659916
432.1111353419598 398.903691892037 6.90742180830409
233.29709459206828 395.61553412832615 10.958072144164277
393.12960059249923 146.75615688495785 10.000000000000002
145.25486744349243 317.88537127650284 9.197264511936607
382.3193686694613 114.62437139099069 7.469301757526964
395.5308468688254 57.25553751046186 7.490616925140426
218.23382934608793 47.309899441686234 8.989477828787379
417.5510858136829 499.144170233039 8.322114544672761
319.6775461044826 137.19181574494698 7.561636851010604
414.50543753271 341.9740738331301 9.397379188436929
392.5163853847631 310.1231601530342 8.515512371196245
479.7825525856879 362.43129175223174 12.815760187663656
266.22858107051786 421.98715035196005 10.700224941875632
450.95237904433463 146.8241418302989 8.895138420929982
9.99260219722281 114.90009854136495 8.021400728179396
305.74798760357163 385.3462866596984 10.000000000000004
212.35040854789256 33.05725544938881 6.388548910122239
429.0533819998262 271.60736648943976 7.121724964142391
3.5985344409297793 206.27984824493566 8.280293111814045
415.9987191571719 486.444626169862 9.707125903474846
125.69918715645673 343.9777900003817 9.204441999923665
85.57645143669346 17.224605477039358 8.191985619218219
238.16501016739466 461.5993775115959 10.586968294455218
88.55962245737814 321.85287360871297 8.074568505699823
434.41757713517586 315.0378820452489 8.0
255.88643165127735 165.37042973243138 7.222257839458825
238.78059103910005 412.56629150778116 11.376544949220591
59.62248046220719 116.03768833481747 10.581620515182152
26.640720126889228 146.0762232461635 13.703570002069448
331.8151647283993 116.71879639047079 7.293207776225989
48.53618133118731 374.1919594238692 10.0
234.00667592963953 163.89132539518087 7.154613887225526
248.5256106636169 73.09984014582443 7.380031970835116
60.11430831957959 429.81157557227124 9.062269627837784
307.0069926529573 407.8139542445348 7.763434292842277
168.2839861535672 80.94630734515856 8.213292648704709
124.92125406747896 225.66067832076837 6.0
45.1153039285031 357.6573339893429 11.027616768103886
466.23877494627425 89.40763192570105 9.415368835807083
51.7370666588935 229.0324379560913 9.31334729968702
458.3998355297929 299.58436417716234 6.789697697576113
80.70845096212636 102.13857419654926 7.531316767379433
340.54215324171815 458.5861818229316 8.969339755684093
129.53307614584847 164.28599848609622 7.64768537070754
99.14529583283654 62.37207352126517 8.32569964960032
450.15241317328264 190.01910087617628 12.00370372622924
437.6819626007699 149.29614638329824 9.15101672611286
75.44226752205225 485.03097053682205 9.911546495589553
113.21691411567502 209.54652915939204 6.356617176864997
393.16982383019547 43.68043518439191 8.26943379075937
331.37456472946985 425.1909228392705 10.264415513857513
61.18069649733099 208.3011934054657 9.651577918174503
335.3716320311544 266.64406134625534 8.049886971932827
459.46945233908326 482.9137034251006 7.790243439248098
171.35551515873954 410.91633165863243 12.22141897359954
495.8163107323604 225.46730151788046 8.343324154760838
155.12782701634126 436.2809111913217 12.349793587580443
39.38403144108421 379.55639287797226 11.0
424.84587547565724 44.4728926423324 5.727558917592486
245.06974352315598 45.617866069811996 8.50824156048079
103.9057831528647 335.6889123561582 11.994361063816807
446.3651773915184 155.60583578922743 8.000000000000002
97.31859049314579 195.46816645241665 7.0
70.88372404184729 372.7922854832664 10.17674480836946
35.570625868490744 140.65970037541615 18.92897198175112
12.8323166829038 225.5329546402663 7.69792361127147
253.19586168582154 6.34553760685419 7.0
350.18719914979096 217.29729862474196 9.018966765566962
249.39724750756952 242.2186101333403 11.06148546332631
