500.0 500.0
1 10
100 100 10
253.62247117871877 200.5971571981286 12.605062796118034
402.7000308376341 411.935484145451 35.38576110626404
154.85088990499335 209.96053837717955 17.963091475477153
189.14586095985976 321.44587197452694 24.532243370435957
440.2511425459429 256.5848138828548 29.0
458.5964433274578 336.7181020035514 29.0
409.5705568604422 272.9960364437918 29.068847072091
115.63818834892648 262.65951170108485 19.82585152494927
12.340584943521193 70.02918962317011 16.630676581691418
73.42950694360533 180.5570184198097 15.056299500931248
362.6585193281683 342.0157920414973 14.279498610222412
488.21030514369266 354.8808671789603 32.25118861966319
227.19375579685146 464.4529947665567 18.63925959095328
251.20868814611157 3.8228210291166853 22.47361896512818
396.96322557145993 202.75549115512266 18.868004464489623
163.80171359264745 5.254941556201653 36.060636328556896
51.92043513998962 330.0604912828272 13.250413077636848
385.4881539000925 309.7356862045321 19.373195573119084
328.62036175122165 39.64806536072763 15.724072350244331
176.63472424345662 150.89101542295424 18.433174143182743
193.19123140606902 393.49709380213994 13.724433212203147
16.188451099868605 470.18595590031475 18.423646120288474
240.96864745544067 166.32348913802292 13.529908697830434
8.825496050310244 151.70150697111444 14.455171762826032
383.65967705256855 496.651654048938 21.0
11.89193978370312 358.3548164793781 16.419726699971754
10.593821450199492 441.7209098051353 20.22979800268408
84.01021885008552 355.11648096937864 26.98283050553199
80.22925532704545 206.91680933132923 13.642727145887074
364.30343010705934 353.8521822346255 13.738455035007409
177.27230632406244 29.65648868832527 18.802740521991304
61.43849659658785 54.90413824525042 16.276667574681554
73.77515231458104 274.4850824026151 18.09812684792449
390.3873795895236 50.85702073227816 19.217251709331236
391.07378661265983 148.16822031823628 13.706565057483228
248.03813262693853 292.4073154429172 14.392373474612294
255.09214007474114 333.3800659296047 12.663555604825593
205.2523653363561 337.88821401746145 27.524529661912954
360.4697400788238 250.07136205050202 12.98706845450871
454.3718856830159 3.0245020824766766 19.787121145249426
71.94337261690187 339.06205234473146 15.854177456853105
342.1559894665765 395.55931023503456 13.015392688984278
306.5959808715903 351.1627847979601 14.177737559632986
70.07120723650596 76.97503287151591 19.74465385806929
112.95127820665473 88.2019755686373 18.498842261621924
132.72175316382445 466.9401107659479 16.203482124622106
180.90094979166943 357.6298731733128 17.23205030994433
275.36791004994006 425.01599299769265 13.0
79.3630728156664 429.39979864883566 15.539035822103491
52.0711311201551 418.30284760169667 20.275349380570702
256.1978077968977 366.63781398771107 12.838909895194401
228.30820365579885 122.05674654244447 16.0
119.90476450623066 464.4290060082338 14.771602403293514
201.93188314975768 36.0499354686144 24.288722278826185
322.9641241623046 390.1257825806522 16.87931401633284
466.6312590387803 362.9527689360466 30.351822777742157
301.8649391649949 180.03576932279697 13.991028879760368
497.03386830443145 188.6981746134346 55.36464549568227
63.78201397928701 208.99687064165852 20.670118573125194
241.86142776095159 407.23064123165636 15.116856656570953
488.75753319282444 69.42472908836523 28.82707203637328
340.2640901551802 156.07804146932025 19.95130396571261
251.30918153316506 66.3308214922329 17.907962272806408
159.69726486130082 378.15746663350535 14.18651656546356
342.2160809404172 85.78678563307662 22.552764227247103
121.42667718247219 310.67590534843555 15.077143899049915
293.22175141034774 187.8281963848531 13.688097721176678
95.110461860421 16.61316005171054 15.483046395872954
214.64613126144684 457.3397031704823 17.40624273228271
320.4419635211772 329.5682962194462 15.022895678755086
62.91891151098605 460.6391976877633 16.779226317597235
116.71647320483692 14.28767994563973 12.530408399785301
356.77349612006105 89.76111970807365 19.884486982940583
219.85088740998822 430.548408837956 16.45179581709133
424.17179371114764 46.82777203859112 17.009833331575983
30.618353485185324 21.51736624190964 19.190881003903442
428.657243315843 55.47932469113076 14.670642056014485
268.7675274887202 339.0829264358989 16.59941000754462
245.26524397322018 186.3696682167167 18.205443229061366
246.76515496028168 421.057619135151 14.757464259601683
120.07562877270644 392.27555174792394 13.993116112562982
200.05274284424752 398.78758373272564 16.20284682935078
84.17076046442034 104.28772676240239 13.877656053606263
132.4196678678895 394.4815540010315 12.5160664264221
142.83832164573172 194.02967782430636 12.027359758350805
211.6031446280308 81.85388648017933 15.154898778662389
365.4362438245687 392.2152864767735 18.27485509557355
472.37823545074 403.08305528348984 21.0
341.75640894913437 477.5469916097807 13.17894235427156
455.6182102851935 221.20579240694389 29.0
75.67817089012318 340.7343690547962 15.601778941614285
131.26011836596075 39.82489719135685 14.008542529916326
101.60356295970702 360.67416392548137 15.751305263700809
208.25323742037548 308.0971394652306 22.053676684251496
292.25376115574784 223.73216509073612 14.84359031203912
460.8541123211719 75.9787285701532 15.645598157122208
425.0280966654995 40.848219629767314 17.652333339078197
67.74741797176914 499.61979149192103 13.549483594353827
157.1280680754059 32.04478997298743 16.264396648569985
498.67316031065155 107.11215666811668 29.0
465.9094805461389 190.07978726103624 64.34845034494603
319.29031415743367 319.38663815135357 2.7894787981698013
192.3551101373991 103.03117903193859 3.077257833867538
280.178728658886 349.2358683162674 3.8345407784410837
100.04456316574655 26.272637690032408 3.508931599426943
105.45126909858027 148.87481811976565 1.4500727520937406
324.5367240429616 156.00463858061036 5.922962141899046
289.4209038566276 91.34155615952794 1.6975259287996796
113.42380214320418 332.11950570897034 5.528021116732531
428.6309159073567 454.1010050924211 10.0
125.70030366894225 67.14719465660069 2.5415386686126795
486.91393149757204 202.2732297996358 31.363545622359368
370.20095791146946 447.05517539358675 3.5293922392270867
223.31261345419233 151.45999378339448 5.855978492834855
445.06352397714835 198.4505877979424 35.86735993005457
100.41634869197208 406.0840696254082 2.498843549735872
459.88822910720967 152.04258343633836 26.042466791782942
27.589186206385786 15.725172707130863 4.260987343020395
4.352926190054673 185.94090755913467 8.801758669462847
225.2230977757725 355.8658847324797 1.2023423450191086
28.288665472404663 497.02667121576917 4.76527319074236
239.29465360449421 485.5681133891672 4.266109888950807
484.3576787187362 291.81947740287603 18.0
106.63999829048709 488.8965438442676 3.0
392.73752038996605 122.65875623305107 2.9684160839776146
286.8605446546784 426.87731408826477 2.468145613222757
24.901893537789988 367.8681290168549 4.9116122705840555
380.68363807109887 317.856559517688 3.7589447912696388
323.88992122590145 469.28966774515646 10.176765930860263
91.62345878446476 254.73346133650483 2.0519257441580883
471.95465565981493 150.16394922676878 65.89565682757393
380.11976760529245 9.151375974042807 10.986156194659989
446.5758359304442 122.74480080170602 7.068813604817937
211.22589207537158 81.3364056076099 4.016947831941865
40.903361213957545 210.62723211843308 7.038359066309013
256.8754854335408 357.96500487466295 3.116233160348715
67.42209196921434 192.69954147803242 5.472567799752991
434.4967875064275 84.96684783295716 4.999332696614203
295.99577787143846 467.9113440164315 1.0831934963794025
130.9626339832744 239.453149381967 5.334106165976486
203.25226609745255 365.2581558992283 1.9819524873110423
176.6765369002884 383.4773188309032 3.826544652849111
60.21990549458794 153.73636362873427 9.769709298478569
345.1632868124444 144.68073558468907 4.010426333740611
19.33026356327805 219.02635630665057 7.850526823559118
477.9597520806311 340.4778982637379 22.47459534365047
220.56769240920516 358.1370638304029 1.4015197379753328
337.07171214346147 331.5209138360992 5.009044366995546
299.11823477017083 42.976545251292464 10.837912008585318
118.60075550020288 157.45032186129575 3.49006437225915
16.992210682169663 422.51389785204043 16.90012292005418
166.77085072841024 310.54538481999975 3.929554840230468
45.45996847820011 349.26975694166384 3.159484163197595
13.508099127230388 294.0512015612037 4.948798438796303
441.2312258406735 493.1490805358857 10.000000000000002
53.28820982797167 489.80973376722443 3.824943301558104
9.737857390222814 152.5289644486888 3.8957503813827294
313.5390251172691 281.59335307211444 8.181025746545076
284.6655271389009 172.82839507993714 0.9821645353897586
31.565698690369402 344.63263839259463 7.004451010968285
178.13311248010083 354.13030955815935 6.479057395461211
194.1791813622511 148.79792928624036 8.96838761402056
66.61371849700582 332.6738096917906 3.4482492621376686
178.04094722617808 369.68648564824355 3.391810554764385
315.84737753686636 198.82066144412252 2.4813157296265063
170.36457292162876 7.884627325012438 11.431097517259397
287.93539125770843 157.34121470887985 9.510792019642894
391.16694229560056 14.019572817657034 20.02510266811341
38.56055799584473 292.52792878014384 6.283149186255736
47.76156758316075 394.9191491731233 5.369852452812488
327.001700100136 238.84107083717592 1.9072068551489796
273.53454863224175 277.16858523039696 7.413819452896703
292.01461013438086 363.833366150155 2.214897036715408
390.1015852356246 253.91829322023423 4.243789197631089
415.24505834319575 284.7981015613166 17.999999999999993
155.7028254197725 348.60025496098405 2.9798504036116187
329.4323336817951 300.30998678829826 5.217569811713936
194.51636414422586 211.0940766548417 5.432411159663289
73.64305542808086 145.6641272144031 10.903221909865307
299.6667602590445 387.15965017430295 4.875777550637766
97.8540876546073 460.9697186042308 2.58464332741158
348.70154734518854 264.46658709965214 3.1302517925510607
325.65341892023304 86.0008774629929 4.304699585799012
104.0777126165653 266.0527781313083 2.3561745434261354
140.2788806191039 387.3532467502645 3.470300395154986
136.8355809639149 447.9874338374142 3.2193470673165105
135.94734898204734 165.7255656302608 11.979389116707248
46.386247904438186 481.19358781843863 8.508420156629676
460.03313689147836 316.4409684999738 18.0
110.2664751279287 61.49436918563483 5.282945348330377
467.05274569237815 350.61578906480196 10.0
439.9185560547638 117.12736445854239 3.795148978096895
205.26934435369665 308.56279325646943 10.092253600620074
293.884604600732 426.8014450123169 2.422622204015174
263.41172550243493 402.98526884250606 2.810342945162882
444.13783370474073 226.38057424925768 18.000000000000004
56.566149405003095 309.8819999586468 5.64099342738207
278.72300263293823 302.5380192006828 27.52989066063141
294.2255592062485 434.6829992559566 3.7817116924410135
22.54269804136355 339.9931333012265 5.993133301226523
233.80294239426559 261.11325390914647 7.3853528168744145
