500.0 500.0
1 10
100 100 10
361.21907228850824 81.48148533759498 1421.1444830176715
9.474004131159619 326.36287808155 1438.2442945455293
364.0934821495282 144.47282916764038 1445.163970732628
212.81647572298294 190.4487171065407 1449.802350146411
452.55335720274155 87.69538909584534 1441.8655699214023
445.6837506245281 422.26686301092843 1475.3666062744326
54.199794895766765 183.6856166615347 1464.3934364850886
114.58520666851268 377.49342637561983 1491.2146311877486
489.3674824831984 471.0035797049895 1497.8531934582024
351.8064873188747 70.70728815911143 1422.8943438833487
101.97695841404109 254.3855164847441 1420.1284205429206
64.49512242589356 97.24930005344157 1500.0764978497782
448.60029596784636 225.6073355512299 1449.4063169315896
431.92796799266245 122.94068511760958 1431.0054288706033
388.76308742548844 66.32841239102567 1429.1342320789574
402.43592552230274 254.375961669709 1461.05760564142
410.51371900531353 374.4684194933026 1450.7947188174103
312.13016971781303 254.91116698074524 1463.8392422083305
37.96514769649456 76.65441142961672 1495.288676840188
257.6398576525834 15.948515574769285 1461.6142388758044
57.458745720642746 11.190426398836495 1527.6783834023418
85.58323656669758 167.57539435747498 1457.7587380560801
455.57749399036345 200.83692407935084 1452.071218762846
158.7457433164351 360.1236232631431 1478.1574622608
362.73339656401527 56.43019865423693 1437.9514778181485
286.73805086486476 462.4665414967465 1561.7944216926755
156.55982977122073 9.498610016240082 1477.3397898172605
438.43189748692004 316.78640112750975 1454.1374547726045
328.15367774938363 131.23249383817836 1434.4453153498926
228.35922982579683 485.3376416349902 1641.7156799862198
220.6906791013532 15.581446242312557 1440.2386643814964
277.6156158626709 127.87868460961216 1430.212859067433
186.91968444995456 82.28521949668577 1466.7073347657526
65.7114739714727 167.23829894421084 1493.5371054520356
475.6344417830856 232.9989025399214 1471.9076336635785
49.26689604149775 152.37893542250453 1500.0705061200933
99.02439440219374 100.74615823311106 1490.0310065607855
183.86915745696442 345.2973781474228 1474.9134640669422
268.39527762124766 141.72136382405787 1438.9266741307313
488.90339707947754 81.85834933098462 1443.868485234951
80.00101374499135 39.88203477900354 1500.0951736058585
48.03964982795933 12.114866100747857 1502.0058097460992
304.1004488322369 359.3617085682502 1511.3392077558492
358.1715135908981 320.874547182493 1493.824823312334
39.6343226951455 13.908317462872688 1476.829678541992
221.73775420609198 380.29673952902215 1586.0735930313992
162.7175353558495 168.1817426308082 1443.7709100062725
237.88269496290425 313.74537816700456 1561.4886273415943
240.48010970737872 485.09735372660134 1602.9818610398052
198.74887802003494 263.4920445514328 1450.813667627074
14.222525668576957 100.36314075745672 1486.1486455630695
377.0792881353484 74.85765477721374 1430.9574346286704
361.7469444329552 152.70387213213016 1440.367024618648
170.20818978384716 163.6474007627031 1455.8643796027964
310.6221607589081 45.857459999412264 1431.9046810222771
218.77387600211785 226.08011437544968 1449.673902582316
142.7934236323679 178.76968839397634 1450.817919115813
194.75374601029705 8.447662296231895 1443.8912687867821
250.36735262220532 272.56492186525963 1474.992806048652
27.116611914452747 303.5937723877294 1442.0872054255562
29.425066520980646 82.21814413954426 1499.8120606149905
462.79903357475985 484.7565639585236 1486.3154178256784
201.49654396236681 163.16547528883552 1459.8521548828394
493.2767552313391 168.45089100516714 1464.2329300196075
242.81493560732025 482.6725128383861 1602.191880095303
337.06151629906265 323.05371393886946 1486.435837398473
102.699189278665 131.61152074237748 1461.1603164510923
152.64867404961595 245.79635343003818 1448.9638431913731
462.4018956712255 383.3531027776509 1473.9415831384235
232.55783403598556 198.03628526976792 1450.1682468791187
387.5009719543753 73.20260930353767 1431.9616848661667
491.2842113169079 27.93627369150309 1420.3619935706838
416.89644019436173 125.53256457278911 1440.2965214755009
414.8006277436551 68.05693020383174 1432.1102028768064
7.26193494538313 254.4104519055891 1470.1157146614587
77.2652848181104 52.97554514443436 1493.4381961244103
70.67640292308519 424.82628123103365 1516.0689811527113
60.18453938230295 406.9823543370186 1517.0022678144474
198.13305370737282 484.32008236363345 1676.2211922661263
36.73176708421105 420.84114877280604 1483.3781869289885
77.7103589460918 462.7128250726627 1538.9225263415271
223.6717509353231 457.9993583549572 1656.5377436114072
113.73620935096935 407.0883254009956 1516.5296807598834
111.64277641085418 287.3343985714873 1436.4676169249544
218.61570083008658 174.50144891077167 1439.04071273723
146.66504261189195 53.18675716009863 1498.125272187537
68.08815461517526 345.3560074563563 1452.9490513801181
61.45569339543783 98.2126064022803 1500.8431954266696
4.919131454858949 93.08879930800367 1499.0500494143605
57.45309793717029 365.69748693499895 1465.5263212107375
65.37448815606484 25.987168275370397 1522.4008189502963
117.70840221499796 179.24607788795217 1454.1196790865442
136.27039718960705 164.0883584845813 1458.294562586332
164.5201348108884 171.3900500901501 1446.1765843775875
390.53400329555257 402.7368939895522 1460.463331826311
38.445570556635666 430.23335406033584 1481.3631770021818
36.781743234958086 251.3826374704673 1451.0948936400555
286.5470822404105 204.43930229445246 1488.446997937706
226.23699545214214 478.71545979442703 1632.0273883139407
428.2687140660342 475.4451042560458 1489.2248395159406
203.7601610632509 221.59380813755874 1439.0246264012092
203.8238597329048 327.0929765959069 1470.2901398730921
161.9824272608472 430.92219648511605 1546.6940125039669
267.20325592307876 312.89252335077936 1565.3745773556338
408.22244697141207 394.66776248585745 1446.0900702948077
166.42609602200548 296.4209673672939 1437.6813281242896
251.52680242004521 26.772617829522225 1424.1081372163683
131.19698877093282 120.80846242904153 1445.5496435628286
193.92791542048082 168.12105665147087 1444.5504292299966
112.18159370883585 443.99175717979136 1557.8323543397278
194.45003241779074 298.37871822679057 1449.1230650972311
152.9635777078036 123.13003126466465 1445.019850470822
109.35340228063389 15.40658890110269 1476.028393253881
336.0955487230595 9.583646134443402 1420.7595467928493
37.27048197045074 381.09710876987737 1467.326433800232
365.1675107890688 254.55342613895067 1435.2802745962772
114.36165857523633 60.12475178685478 1446.7632430487968
337.77345791934187 293.5750238178426 1442.4884626829107
412.75534447537655 220.8387927428298 1437.2512068160195
42.95092821912838 323.71919359658153 1427.4390029334622
308.1732008972622 387.41843114050664 1485.5028527826917
268.1416403520326 483.2599030515484 1572.2526256963583
50.0312088159664 230.62257565593396 1473.5772352332583
369.1640270888762 46.65322447549464 1424.7303066622771
268.9421528644477 458.201311185247 1572.3851546052451
131.8453456791664 253.21862133247924 1428.3260135492228
277.87699725316133 260.961303127311 1455.0290856356282
142.6499550693784 44.680966027985434 1483.9023736836784
177.59452262999275 395.1485771314241 1515.4927886770363
370.5390156243122 253.80274272412845 1435.0800211000708
446.75120629757987 167.7767357872647 1429.8787052750522
261.2445047720844 13.395282566734224 1474.2399124687831
1.8147942984726995 230.2683189465366 1477.3314887756896
59.34396372848527 5.390234464067611 1516.3955439255983
340.4322032823029 305.3941140206109 1454.905140107036
456.96664444080847 184.04208789849469 1430.9489633328762
434.48243495324516 367.44133919716637 1436.055399798415
459.707576311059 324.18748500436914 1430.9929601056597
278.9214091255766 490.78861398707164 1573.1912820718856
333.7579559954959 267.608840239079 1447.7583655876167
478.15906243815755 233.59095385552925 1463.1824312049578
477.18419788826446 488.90167884535754 1461.6945847948755
275.4790788114707 226.5734621551409 1452.7962221682703
391.69321242143104 476.32075645009036 1469.115168901482
80.3825560229357 292.5065057212722 1421.4560667305568
171.02597434365208 110.12985276933868 1448.4889759671553
263.6128612389574 352.5040685390106 1546.0765975295683
268.83660403604193 362.90197467419694 1537.5115036639563
25.165074922000542 9.155529332120105 1457.2829103727224
237.0222257660479 188.21001170408124 1433.462222541204
369.2937367268074 323.1516224817775 1468.5095025827688
246.02232276831037 411.0193362057557 1528.7752075840554
118.54856166808354 273.85427653972846 1421.4032999564588
294.80686127529367 497.5138077700659 1570.4728956626625
9.593862339896953 421.2089583418255 1448.1998444173134
37.51868243749129 28.409676851242015 1446.4372330564458
3.9275407066493018 437.31865260184907 1456.799087355635
444.8667232099204 301.9974907689428 1463.667309922886
280.90269387245905 183.19975107689095 1435.0835389084004
71.84220976132427 97.00395758108782 1481.3646132132274
267.62839221403533 136.79363064489704 1421.712682928491
323.37866138063373 195.74497743698055 1478.20781508065
187.278449085795 230.75456126231515 1421.2043449599344
6.658912190565025 178.1821407856675 1502.1581851131114
205.78801376073358 248.1132370352795 1440.8114366149716
277.39975061568305 216.2187296322924 1455.3227057990096
29.572104521829733 400.33458399122145 1459.858465019023
14.775880730438008 476.94676832064437 1518.1254270554193
410.3347750419659 128.08593741629122 1433.0344048082816
83.12197722078635 85.9236213057794 1458.885619413238
231.17271212283407 5.389971019399087 1445.6944148242458
6.741851461475157 202.4704042750246 1515.8688636764657
120.87177532777311 380.6715774745062 1478.7805644488321
497.360412406735 4.535691700286004 1418.852930108715
42.351484891138604 403.2814527144144 1472.2589538822137
55.75533387436254 85.60261838112598 1489.7187773294202
137.02618958429426 173.9519596603235 1445.8982419677159
115.02597607974324 27.156865104149887 1495.845277611876
465.14355397979557 49.26504766537521 1410.4791609609547
165.2719491373925 371.19272802418124 1475.2755587705526
314.6739988376239 313.46486107143386 1489.2079135182275
479.63753807858654 202.4561183011066 1441.5332530267333
227.50399812674004 444.42289515784154 1627.3496459937512
165.93457995482146 154.36355130325884 1452.9447853474553
498.13529174950196 300.73461089255323 1435.7061556429792
236.92508124622154 435.86582619225703 1613.7626161218452
63.29446724841087 368.71483975726164 1470.3043036688318
308.6624859312407 251.32191576232222 1453.3719296955242
389.4609852267337 185.59576055515458 1443.5358098680556
416.55231214662746 376.6945426100492 1440.9516738223067
276.534079065615 480.64456409457404 1574.0773032271018
354.3881779139281 203.97641193645742 1442.505287403429
322.6471762792263 261.1377942211357 1453.590356317637
46.6693389314124 140.322736972107 1470.5745286112783
57.49025022257559 410.8237271367668 1495.9730452172707
56.30351450815174 170.0034454083042 1479.3099834530944
454.18084240621357 294.10395092341815 1468.0447385127786
286.09605117570845 65.6685249392317 1468.3042405117305
195.69405848012582 59.609724447096276 1469.0585437786667
316.09863205912427 193.2217573053805 1467.519549483978
228.47789579283224 235.43010469800527 1437.4045981258528
