500.0 500.0
1 10
100 100 10
468.2730304410477 412.94482670550525 462.4764554841197
154.04997979490827 176.13450706072447 465.5517591942098
101.05532569781172 14.2268337156376 476.41415169499203
381.04154826857837 377.3565271613665 472.6750094742494
127.64285866385977 100.39048715832321 464.12978689611947
110.59598692578598 98.26008919125739 468.3065035979868
329.5426294942814 73.15256606710285 446.37313539475497
210.34656175263257 249.86099790050554 475.2104644860568
22.517988350971518 473.3870455038005 481.13681867367814
257.5066576416923 188.84395378838343 474.0417762637795
195.8445887323692 178.9615708459806 470.8037118849551
12.286156361631717 491.03196168323154 483.0587540069854
343.35087823755816 221.775220792787 457.18223468537326
352.4169955037031 375.45007171970934 473.01329969250787
472.3914154596224 181.44820579413573 448.5040104118649
166.1222313739542 293.93640251196643 481.23186250878666
98.35564599125924 15.020425266047798 471.66978574352765
202.19661605931682 407.92779005456174 496.4677885442266
401.14691257944224 93.26056317724945 447.21184228662366
498.13140369586785 441.2024072200281 477.25439559930015
202.82030302219678 493.13817663219027 488.43593939556064
69.45653959039588 213.2966388896918 468.73296879349095
297.22061000301727 427.7290770503315 491.27259639986966
420.3035627544822 247.97650147418315 463.9553948635672
470.1398793633343 265.7667957140391 458.1964398205871
24.135438228859442 185.24357364998843 471.84061083288515
264.60801542696476 88.89794553237151 457.33286517185354
131.52547294005197 415.24124452699004 461.6939957431783
280.4465310049998 252.4713293465774 467.63078563795284
24.185249024755663 495.0296828520444 485.4928524249434
432.3109505299263 49.78794176471818 442.24692471094306
455.2006228988181 450.8540790297292 467.9240107023651
402.7835757864055 494.4434960526988 482.27811689719687
261.4198403423348 223.44940212689863 464.2143267923278
23.386528360249848 5.5906306910976085 448.03701271514115
81.61589517603024 161.65761820590362 473.45243881411807
362.12354927098 252.8121096265211 459.62626590621767
386.176753752544 196.48666908500257 454.83778030335344
6.677650788690148 305.6191683008427 495.6123825815969
101.48450416605031 376.2897593942009 482.5168076149338
391.43428408291686 382.1354993685705 476.36280584185016
297.69667076432955 332.95590161917846 479.7264949150192
87.74025753428278 380.20291227367994 492.7300321381267
170.68176239011245 213.60765698584245 484.7877782355156
327.4453037047005 42.80949174071469 450.419443043026
94.04914654558944 401.6651193078192 484.88862704926584
80.94261275112663 163.387794699619 473.2616536491333
11.511270034713473 386.3201885893648 481.03490640832393
10.377561348492492 279.01953702299886 477.86378285755274
64.42181022801402 269.48930066569636 485.7737879673907
400.5492215917519 148.0261853616921 446.1231870046211
420.6172345502424 383.26567094847775 466.7928223106127
330.6912819050794 121.71287864270347 455.96643408822587
362.25375252601066 50.90009691954517 447.99859590914093
492.4147642211832 255.13428169401868 462.86480265759974
390.8812218373534 100.27347008569498 442.4547600603629
248.87351013714132 342.6962042797044 469.2557875693187
399.44192806541656 325.6239608292367 463.94728888427744
234.4731154300701 55.399620012991704 441.28910612136224
284.5234557622613 246.72157336569623 466.9662191394726
220.65438783874046 223.10692250584958 473.2539137339328
196.3057414966965 394.2856172436289 489.7752537623137
325.74101922272416 263.06614379793064 447.84683837915975
17.69610516250547 137.65817680016224 463.67921412924875
387.3704362109584 26.48119399666282 458.84513685643105
199.4537579300406 334.64021517235705 459.18059392145756
441.5542125668255 445.1840360064243 484.8466292521956
314.1194797362893 355.4150494959827 479.8731349618049
463.123352748025 428.0552838118161 468.5684341583392
413.10727424113026 191.8790979576655 456.45664941341454
405.9340919409243 166.00812222600558 447.9408429581019
190.8588739898523 134.18790757110844 455.40853517930043
303.43819891509304 299.79166665767247 449.98932708020675
53.947121771696246 434.6204728792362 449.8970536356504
244.2612025826894 368.6976237688467 480.1257642948864
257.3854022255528 146.38547983262734 458.76342288096515
172.63142734890008 5.678569224078444 483.76627888039764
165.86160660706722 374.7231053734333 487.61659147267983
308.93131295736174 113.89909591498726 453.96778295762556
126.65070568703828 21.180153251359414 484.89937641067087
319.524672572721 417.60144663154006 480.88714694691885
495.0738309142764 312.42323278050986 458.47514113226345
424.8043333613101 61.51802388132571 448.1863136560945
296.298318581517 31.433319116619508 454.00386038144404
301.28473827681097 428.97946281641504 489.0988222907655
193.19870761925122 411.32050785165023 502.86161962667
62.651041576069154 130.71926315323938 468.1662311929833
212.56459620860252 141.22610287888176 465.6383129347422
286.7848767825316 123.2359964159081 443.57889776055936
458.9829913922669 267.1249007979028 450.9172877386636
451.94868456534067 235.93281871632703 445.5368087320175
62.74277806593087 201.0083543711224 472.9548677717272
75.27367336696888 448.2842867139964 470.44605428016075
424.2879613109362 439.77711885114485 488.9704508187706
73.02986047588206 360.36503406941137 505.18426373267596
244.9731806955207 402.4131309679582 475.9974112602329
391.947518121735 92.78186315070703 441.604570913028
409.8420401852758 113.11178725245318 456.4154866339776
135.73615126503154 384.6124675399426 476.3833718592821
69.53688627389876 476.6431927921466 494.6704574644359
220.32426133571147 237.09877109706545 466.6037563689108
300.435530530011 61.56970208165497 422.4386929856348
465.461478279388 364.8164228068903 465.5641638502226
59.80288009521051 30.17981713488027 443.1058475484067
131.73369277399698 143.98767044863436 450.6197272821852
460.3564144968305 233.06175945442897 433.43339002648
182.34731561659666 190.51958009111607 458.46813089400064
492.06302172110463 445.55516247003715 464.3301751078633
40.52377311607752 197.0107161666957 481.2131358843495
402.1663780819384 381.86554110314864 468.42570880603404
88.81598167318683 453.6791744119161 459.8218764708324
96.40954952948904 302.87951621116383 471.59198755658963
107.51495851527405 248.05845708148027 468.31232252313106
497.7351201674435 188.3661231558535 448.32149198795645
454.0277381913271 175.20442003572845 447.3837088993973
372.66538193945 286.13348046025703 447.23669016197147
190.5227040291901 157.14470867710406 457.25770683230024
327.8234184346485 424.06892496721474 453.70618852366715
208.74790266527836 179.85636281103018 459.33108573844453
345.28252859256463 272.33358842317426 449.1004161771651
394.64067487066006 494.4663398112989 475.3609612628287
40.62590277283656 86.50114696766038 407.91254883362285
366.2615662480569 336.45876159065375 449.8359454605227
331.7712037268462 115.08662357220834 446.86906555095544
423.1132416509276 6.4122901140734045 461.4815761237649
167.18202880166626 299.21356532181454 471.8796358148328
491.58167587674365 337.77144260872177 457.9257696946022
449.15144127531755 171.95063791644355 445.6387883704982
278.18793117881467 117.9276471697776 436.5066979691036
192.27015183284257 255.48056592456786 470.11430090681176
295.00694621613445 289.8614194456595 451.0804083505699
404.5929497179008 146.5736803268814 439.1757140725841
226.5116144140803 204.0670287120382 468.6739760517612
251.9539264008634 377.22259502232583 471.38041386864893
15.130345654348954 441.2657139463518 453.86242786522587
351.87583819202877 433.69181305429703 449.3081869457031
435.57167550966426 197.39367589569872 440.594664251704
44.39411425501116 44.25983669274819 447.6044229995399
121.86515417123117 445.2835271427281 484.89609662656966
229.4217509533702 190.34032364484943 467.14873743362637
499.429697616433 107.831519725899 442.7431585323627
404.8822087669032 124.34219526130497 440.9466848162567
136.18332564797498 203.34834568331962 454.94165892789545
427.2618003172619 193.5888087382415 438.6740335546259
263.0700819117544 457.94542520081166 479.4702614623758
425.3794233341626 242.57134210418363 446.7470158266965
20.695849109709343 319.9305298377849 477.3022604487275
339.75737565093635 289.2382217725141 442.6769001701623
304.36198747698205 255.86053797050306 445.09678253672956
184.27622298678088 213.98501980728142 472.87573130087344
360.8437867847194 74.9197158905237 427.2937592693934
203.191731704306 356.2500177895887 457.2075276115771
379.74073173462125 451.3481382377674 471.73675978982186
133.94193630187667 447.9078583338131 492.5455384468783
211.04722787024093 204.33957417283145 470.2591413293652
264.8748875341172 386.74868513363214 473.4369451268842
401.7991962996987 210.66951170469906 441.40170702281944
268.5055575145445 470.1310560167599 488.031962845757
498.6744659681556 304.9469037778624 449.4520048238609
121.68537252166078 189.8003883192133 450.19782646096985
100.69530375131176 207.54779655566423 447.71947976150443
93.98306144363077 339.48830832301024 476.7614372915889
32.88417094616414 98.5348731522091 432.4098342788831
254.37376406683555 312.8199314488847 444.73470701438424
191.24792735213026 397.7337480235282 481.08552879191416
225.3569007297011 145.8442461673265 455.9658265269517
10.683804397051189 258.90887625855197 479.642926538156
372.50475404703377 215.406423321864 435.07748142674586
3.273507009794896 203.49405494843742 471.76583665415194
205.9373335553384 363.41817848834785 462.64660485953215
42.8043268718612 487.71384703430795 477.23714935373914
144.92834464222355 139.78287636715197 447.0143310715553
374.278305177398 420.07801745066234 455.19026122851744
226.69016323441988 270.82686541139617 466.26988960140625
254.66396662666602 307.11523233361265 458.55595366747536
18.16115318687539 195.79578625136074 472.610573812486
400.7486770264433 79.46705535479242 448.8252346849433
444.64010610328967 476.65332751037056 464.3790529643295
492.6544926315015 149.26415009883885 438.02759153300315
421.57560231945877 81.83408166785117 439.74936339174394
303.8659121909002 255.90378953310767 445.5917180142607
246.17851844448296 34.54315685448278 455.5451780812201
427.19459027221296 413.08666611076876 469.9522993413532
351.8086311898245 260.2628940432421 448.67087366728146
397.7922924653344 95.8884583415633 430.85155044320754
496.84180024381004 301.5991630910748 448.84432241149085
172.69459175494077 140.83952795102357 462.9489786771596
44.72186064997441 393.8535809792446 474.0734269897
458.68921665613243 60.509952151760416 445.69432351436
152.1018649036062 254.89770222326612 469.23648114676826
228.88057084576607 258.38742903763756 465.3741268617172
306.77639761373246 469.6277001094616 472.80307417116285
224.5033647873555 324.7819777940273 466.8651936174668
441.73126022847373 443.07783032159824 472.211674467404
391.18988938862424 446.90705786929317 480.2371768522828
403.3082325981961 139.3044128099911 428.70855246111273
484.83672818427453 171.76783294224873 434.9623912182012
438.5253781498473 145.41139579643735 444.32440352289746
237.12201051973904 115.71017484520557 448.5956223453543
291.60386493375904 137.68715312855795 434.9383054930446
264.6064763667857 255.89627871732787 466.0077380158913
