500.0 500.0
1 10
100 100 10
25.6247067098222 276.6619378550205 29.543224098303355
20.61587228329448 69.66413774490593 21.42304447590417
389.3245677239996 246.8542524201363 70.0978310944266
349.57801698303103 309.36677452659114 129.14494403350582
229.83273875718453 117.00652237654823 22.11706201519698
210.85400665076958 410.6572884773703 20.62024630650088
64.62111630222061 300.6092456661319 36.16479552071447
8.102823376168578 61.410002780337315 22.43413004392477
283.2186130023234 238.1556733273259 69.20741752065774
123.3540999873633 303.30727031696546 25.784316145678446
404.01774976493033 60.92589322154291 293.58993687505586
396.5993422251875 425.1488429746561 165.14803430876665
189.51438420121335 290.0915585886819 19.963376564527245
213.40348899318755 266.6653298599023 20.944142833469506
419.64036724783756 392.93256261683536 245.37599823220825
187.11852597060437 6.902852391738157 28.032256539057887
20.21566726891466 70.59965483076597 22.89129178579405
394.3779368723926 380.911000042265 230.54821076415806
414.1542742459966 230.7088162686255 112.63152434574594
60.27184336977942 415.1847793066036 25.394096042852034
145.80433750600818 32.77896491395171 26.189704105879475
353.72467881567985 139.33551616272948 235.9275170951919
443.3290848182236 485.49380273771055 156.6856712844943
69.58944408023943 138.3094408626867 21.25717774694195
427.2953130793783 360.2055292607171 243.92706855338642
381.6016039152944 142.75376039560317 295.3102042337437
449.62585504963687 449.08223723390864 208.3322267582354
97.46988672069146 177.23476691940266 22.51872680368738
192.1093590782806 20.41904399069505 29.338063017517108
38.19810133278051 436.0932351512107 20.4983491737725
354.62731027974723 161.99240075926113 245.4192779662986
40.8913062156645 182.47595829662973 21.916200355851842
337.0825410961845 421.1571360304501 148.86122063963003
369.63720441360744 329.950744900252 165.52741363153817
366.2352968035354 447.16805749236073 148.3167753596952
262.46171118687874 496.90877263983083 35.790536212189565
398.67346871595475 461.9842863649614 233.68546508136316
235.2073513821763 10.388782993889457 28.15943193044908
21.41448171700605 407.25672618138753 20.15521242644675
241.4250636778597 141.32664976964443 32.37720922263968
389.59987872918765 27.024925058786952 319.90762844016666
233.81957072339594 333.61499984743557 22.85277586048833
276.8612013398474 270.85563125869567 22.497300604482135
354.32523761944987 250.9915657035366 51.42473050953819
203.0258028807457 175.04700261367245 20.402262817811632
392.62350175652375 203.69390316713182 121.58848478380807
252.20865188092057 54.88057703855731 30.891127588493934
346.12253240206275 257.6963393223094 56.23250082595392
115.84900549032173 346.9184649364636 20.337263632917022
493.1707557588473 497.36702764577035 184.89370363027638
373.89956509284013 129.74872007885386 269.9286966791905
168.0412539843122 365.31818054106725 18.78545977488392
331.60140229431875 364.3477596557014 114.12292552758927
49.27366800141214 128.68935161284116 25.333866182365334
350.8718091703473 361.8265996172074 146.46423779559902
425.6356693975723 112.42201663019196 404.57853618013814
332.110743707352 218.9944807906659 81.40994720320558
493.50909739393484 349.8140099057659 345.2437551575388
453.77259053378026 381.4337646080891 316.2299910764187
448.5052800336619 411.76766820615734 231.9513391728335
83.92067009995752 118.11857944427462 22.623715888854925
79.71132359702277 23.536566027627604 25.88452943880911
331.3606229627524 29.996744627593163 168.81359148913157
369.37756908424 229.2913898155326 62.074936155577596
251.48011702110796 416.1431513828649 59.26013865723333
253.95062045255872 440.89564576519325 57.32465777026815
420.1578956042022 404.50433130634696 257.319122817789
497.19344947143395 74.05779116645262 481.09925761108695
88.12065911836653 280.8053992218737 25.06705974163196
137.32223408815793 126.94253739563315 23.895498276198524
140.22127702787407 125.70610835482182 22.865028151360114
166.47026804178188 309.1598541960995 18.53129276784361
305.99464378870664 148.37253332481026 118.05048995534219
316.6739108106547 475.4755190109893 145.12334968926598
354.29501913732537 48.89617995704909 217.62936238268702
250.15454789442805 271.7844827923823 23.969090421114394
176.55804640866313 183.0400706690447 26.393004722737807
152.83603113870987 351.85457662483606 19.348236956379548
284.27590558061615 116.27758144842953 50.26028881352745
277.9297176617509 382.62843018070834 104.34167878656982
385.0208854780522 191.58145457023923 153.909425073959
217.34257419435593 125.16205113555895 19.002040882445677
473.39004296961224 391.63675313396607 311.0140451847309
274.8397808816101 72.72367141507746 39.781096157430476
11.709696348336962 462.5048623306653 23.816428878079645
416.8432352518767 284.01920212996265 203.31307160003098
348.52360821820787 337.33815973474333 117.24402892665512
494.95831866712695 376.71113340431344 327.80954212933796
208.3198317858167 441.9478742512765 20.405301762996874
197.95954130278147 400.4561345644807 21.07582059445604
89.64094333550243 74.11544713376655 21.51802753567121
276.65089928737854 270.9232846913465 22.57742961588429
52.28829667900175 81.167474048153 25.50279536289193
24.435726857023443 339.8831864543862 24.6018943462899
23.67541165835624 426.52009821822736 22.336962488368563
429.72618551004155 24.640171429238023 402.1918263385181
189.7533072394219 238.28568098633735 26.62471404875153
221.65717873739055 107.8920713516594 25.00569275756567
60.72737882324431 157.3460733179023 22.82842555484701
485.25721606358724 274.4809834241277 359.0889432867099
112.92472555812444 210.6748784545908 10.97892461618423
233.1005755541048 423.8757852435438 16.077253603345262
287.6186335084832 48.87530622974434 42.54799211903923
211.30931644532063 480.24516182280684 9.976647187947895
190.01666888555818 101.17792171876184 17.529808932527715
255.04723940336115 387.3372169715096 66.86372009263638
279.2255539544821 361.03060156184176 80.58404332632364
317.9978111388851 3.7570575180091437 134.50278699904553
467.8223071307697 484.80796299119845 183.69864664415041
322.7285373818877 85.11775491713769 94.31622575133538
263.8677405352436 135.77480452775305 31.841165460525254
347.4412346749797 106.29558611635726 136.9768026460529
175.9484397888218 223.59051269779945 14.842134859426066
34.18005437667876 321.03836250752124 17.860439561972782
497.34804827604 12.131775901015828 491.2272372168886
66.97076219955439 429.0250338609084 14.821708664541617
186.87771869453312 40.371463808589525 17.769579876512672
407.87841179464607 114.10203378423655 323.41951899638184
266.09856374303934 264.72767410564705 28.499762875329676
271.8365224348294 417.98477902377437 70.20960404563203
430.75528096499676 176.21082506391406 198.01882820371716
400.58357951803725 61.404242167283684 285.4911161024327
496.35052494409774 290.01850388622245 370.86366156604356
380.00330328644276 286.4006452126221 136.1696023516412
423.3703256044449 142.43697658400112 323.1374891704017
152.92089672576554 58.356867034287 17.511105504021018
355.8374390397398 125.28605986853219 198.24520438761692
348.1387669315419 450.7054840621573 129.97615348394288
362.5221694527494 439.1805345910039 149.2937684071726
299.2030554830411 34.10511541332295 63.483727468383805
262.5505774369516 3.8905301338991727 24.427278657857048
392.6448632446578 307.1934472362081 197.41812311117712
325.4203152128644 211.87405215116516 101.06314050272437
468.5570694294713 31.034301320182422 463.7386978767821
43.24945079072195 24.807883173813494 15.049683055437878
171.70084486010435 421.20576586738173 9.780775105833875
140.47439930766697 75.57020967832695 16.884630210600427
202.25492456698913 130.09052835185048 15.512803745861984
218.1655258440256 486.6165243271608 12.075028918264497
315.4838157707047 192.61486999748556 131.46557961557025
52.79888179392861 401.38647645960276 13.567481359259737
120.50473957542285 1.7222220902352592 14.763333223966496
224.81576544310593 192.57066165766895 11.476243954619775
57.85049833491035 47.84315485481982 13.061946346581717
394.5190972504627 358.7432044707484 249.05906777459376
390.97695014925625 348.88606918345624 235.31530396847936
157.39903314115344 263.4826600691474 10.69989909629319
11.090285968395063 248.11308541400845 16.622617082801693
287.43757452060765 417.78944490724075 44.60557260769919
443.31813742786966 126.73310758868116 366.9567087114914
151.74365495931553 421.46023491787076 10.787587426971779
485.62289198545005 145.53346331940432 273.2594283658228
169.94503930880893 365.9097586275125 6.945727026387711
103.93858719619547 69.36305199018445 11.401783447309093
14.916057659403458 41.57460621381293 10.332637043268566
493.2422754705774 353.17390107259973 333.53912085807985
145.5860934511245 314.901716501999 10.358568468418541
69.71606253306118 182.2661353153538 10.748977842107099
439.25309159575613 171.99999420700462 208.3303445390584
407.9871218683649 422.280098600421 189.35920954265538
167.4542011918375 209.59125149247393 21.896443778786495
46.487545127221864 140.24755174845532 8.897848098366188
82.38815870114374 353.5488728167252 18.129148902996
27.44872837784301 173.4569199244945 10.844389592870243
207.17540444363826 190.23525708484135 8.404871492926782
88.8946338439649 336.3546857819125 14.35684636125902
430.47966297958027 275.9892828596858 206.26198849563315
418.13337084622856 455.38776658317346 238.18940715851608
327.983046377357 401.55010390685425 79.02679279504297
10.062120331953473 496.97568485930753 13.02661869821725
278.22445989955224 117.4213071496048 43.95796471638161
223.07157461419862 430.5300608241249 15.49169724198526
388.6786896403541 214.07808631307844 73.29882460150304
31.513213063412536 123.8027745656785 10.521109826271404
441.4210255127979 317.29541595405686 285.73991694277265
44.38547358717765 168.71670859962734 11.845550059000459
75.4453834091634 23.135672987855628 13.178153363665361
401.7935598059567 364.62488303209216 252.04588662494984
220.5575472204271 200.20798139869427 10.25470267289233
76.92125021695873 304.581086331695 17.43125889958322
496.62902208136745 36.90993714918067 494.28091506781334
138.41254371315526 400.3033501233724 9.621838717956571
454.50683949161 90.37383236896018 434.65996617986093
84.08765763082693 405.87362641139026 19.20660713787565
199.20211051859988 101.7790309807955 13.607543400241852
344.1214466527617 74.6156449775523 172.68266087438522
93.2114866469248 134.06830797262924 9.663725736287091
239.73705559652663 21.629440883174755 16.069726975135538
156.2253043641083 427.12141290738225 9.64061504347361
144.27565058060014 397.34519745351787 8.947049472180424
383.755653963346 338.32508764429144 199.6360412150891
379.5826369670226 225.02187168614023 55.25552243167559
448.1178682578151 148.86551891739597 306.8667986679347
203.55500133662179 60.41726312221368 12.470429054753518
217.49838448779653 162.0088235782598 11.40578707130123
238.05391315024303 125.86667948609787 15.55841290481036
376.30247483957544 203.0340807257578 104.80980358654793
194.74357240336028 433.08377858920596 7.746833682277636
286.9618292330405 299.39600587382716 52.961504047924876
5.450170849669034 53.00354790421641 12.435227943790471
255.092164268871 240.6440415882114 39.41650767234394
