500.0 500.0
1 10
100 100 10
102.40962485067817 441.94194730248245 20.56749458430844
136.07371713203293 466.35899257605655 18.455091113933406
60.62647086290374 176.41548667747205 21.093393257679526
430.61261561908873 47.44050739513378 32.26486125709353
185.41507909142146 51.36850258144104 20.178898451135375
219.06102692507073 286.8825205783397 19.74058505387546
225.29056178180784 284.64906082924364 21.070026970649643
225.77374352791873 425.7218539085338 17.80056891122979
425.6644338719559 339.8903784859739 17.091951618661298
17.900992213341237 409.0619257047044 17.863928177229845
219.12421140860096 126.2309851836676 16.335108132610344
328.01726991642295 370.1685515554638 20.173197655476418
205.9514116614039 139.17916484341197 19.13292894571488
369.09915998911526 5.004936436697694 21.456712009038085
392.5551370844074 486.099354627354 17.74021958031897
492.28152037798975 208.8889303002725 16.0
112.49837727915313 374.2068897865495 18.602301156174516
189.81326441974605 133.30352704463306 17.62335829287582
29.716624093958533 303.09050306683406 17.03503096426752
437.1576766692772 360.11347442094404 21.36345068128901
442.8763688754493 45.50747015039253 28.041232204135103
191.00711568699498 269.58714284264477 20.131879269369247
203.27009687645864 499.1168213766904 23.93888746163567
116.479844084457 325.831399499613 16.023611589507748
330.9292311535249 256.436164807965 19.11259837425489
158.72431200453667 93.93121701458257 17.159219252113388
219.6945115425795 456.1731502502095 19.79741482427319
236.98031134656833 242.80948706273824 20.278566964909476
411.46215541073445 51.918022031751164 20.085706218739674
307.643496785771 98.67051447914665 24.495080202131614
358.0494201400043 41.77732262323974 23.676211002805218
244.9273670503204 358.1053431685479 17.612046624345624
239.6280852334038 435.73872649321476 18.937627386328387
27.41993317479452 106.53357747886687 22.671080868539594
282.51269609087365 240.65508758654707 21.994921563650543
119.64985531424254 118.48297530699497 18.885434747476726
418.1833670006048 243.9302807723796 18.148460665242585
406.58008849950926 342.62472335927185 18.116002464066412
34.03020341188978 432.9336090798504 22.30496479567214
141.64879632184108 170.15807568280528 20.40371174438568
77.89374218876772 9.456837646378503 19.873530107270543
258.6014793095172 158.54542712714482 18.165621095936935
487.1064475541431 17.608922081908005 16.943073927210214
359.8043457664038 55.69562126482319 19.291226088019336
361.19467671356085 122.06709642993013 17.60331635612141
251.64088161127245 136.4458749051514 18.272277281716168
407.74853459990965 281.7878452120927 21.54528662055654
369.71955542601063 386.7135765462356 17.943911085202128
332.9187149086808 192.47889324267604 22.21481404488773
318.3921552460824 299.7346406012101 17.643137901567048
166.2120972645233 227.00675653331896 20.74106612375246
122.32401774484963 320.0853792247346 18.060051952165274
374.17948719427 64.1042852268412 22.792480926674042
382.28662224399073 475.91124698998163 20.1572156636419
492.081562731254 489.9715714444717 16.997632967132354
290.65787374832513 1.3462492168122564 21.935293450498754
338.4016875123458 129.08181710463117 21.97688462287357
343.9860992320791 44.43301189455479 20.99638308283969
196.1698725409936 79.99638451006646 21.231636027742777
197.92004240750205 150.52135596138044 16.35904001849829
465.3370606304474 211.70625028342127 16.453925188268702
225.829864896484 66.04598268449547 18.026218387373138
139.408131011097 487.3288864581109 17.763252404438802
488.49497520870426 97.7983041809577 16.76135665523384
218.34408787351518 403.56897586216405 17.90543888122233
223.38363125661982 17.351738391192306 17.606414488254593
174.76046434196647 408.2621112224158 21.70517407858808
120.48387486760537 121.95761352717966 19.917709983844397
213.83518569541278 86.56813635707856 17.8388441579761
310.48828201314814 245.2151528482052 21.116485077020386
213.02055696996953 291.9515958728424 20.005569431437614
421.9003360959028 36.46061596191086 31.32650708993557
458.57339291265185 445.1958230125135 17.067154705104688
174.64512425512285 440.90927199027226 21.324987367127648
442.6153647736447 202.54869207501486 16.476927045271054
6.963349195418189 119.21969796478898 27.604649860786296
263.9028158522068 423.5777096411002 23.24968230965503
369.3544605480711 196.76503359346782 19.317235936852263
12.439845673223648 306.5912435612982 23.990363142951416
304.6453386046626 231.2250164933907 17.931845800532898
414.62452676389944 68.65062923490916 17.0
406.281795021388 44.238941768430514 19.9264996945394
469.75872816752343 471.3951631725518 21.38263334352539
128.3645075350127 322.85765782548765 19.387496202295132
405.2373690703442 172.51912457225177 19.5204567424164
246.83057452502683 175.1765878113678 17.191367115879974
422.81240821553985 77.43154413223252 17.77182889371814
318.9249636897037 53.24552282799389 20.709956427644443
251.11809123168888 344.26629771436643 16.146740457126718
155.3390103284138 369.04859357922584 20.148282146725006
417.7247245075665 498.29478421896334 19.7855730720723
335.22994178848853 382.0971419625901 17.438717215461715
16.107174942487035 1.5600326858816738 17.290524152468166
166.84408479545365 408.5149395204685 19.22211501196874
251.8793546415162 285.69550933026767 20.28279131440255
95.18153294430748 65.9956951944008 17.963693411138507
66.97215294576431 389.05927159644153 19.45229467421467
410.0778604867365 194.0322206146365 17.177983779725405
376.72604356587686 403.9405602618694 20.65479128682463
486.65594602920083 217.1157351747186 19.270070314954154
426.01278280983735 463.202134504272 10.032757214951996
86.0715219617591 253.35136540689064 8.642913177055462
40.179260333177645 332.70504693689315 12.161097006936563
255.5069167551399 140.80199381259496 6.924722824464075
21.920340079201406 355.0805430654177 10.215755355235896
113.31723498573149 198.8370179829529 5.51654396966658
65.60422522504206 266.9462373264089 8.610666717922854
174.71497595179508 189.43179156638217 6.7853049394323826
47.01134968549026 86.90900708294946 9.153587231835562
197.6966078692259 455.7547045857908 7.927702230532191
419.4351443544396 185.09343375897015 6.000000000000002
475.4523255081668 488.5189014397442 7.359887267328007
278.79235834116713 391.11118422558195 9.662380963809134
275.22718020170726 99.73482529399536 9.984802198281047
336.90086025537033 245.98511434490317 9.465438108816535
146.76758062855538 361.1858439628213 5.860358051299523
164.76598853780072 313.90410679757525 5.903000728722562
51.43549664043212 283.3243698661612 7.666418016473708
1.9890583235461223 219.662699572571 17.45222260895523
63.40684501126515 203.63292782866858 9.857810886481495
478.60849807134474 38.26890744785172 7.049950318837919
472.07186598707796 289.20015966462836 5.8400319329256725
101.48452457070317 155.34596405493772 11.32501035391737
141.03164368816888 226.373126326877 6.90699743102072
258.1982415757351 155.64441417465258 7.370798290069986
139.36181226357192 392.68373298756893 11.40471273487968
173.79805605931898 183.56543996856155 6.419885517475485
90.43409180437433 415.2364379927322 13.194163880727288
301.3527710553504 257.9182888039599 7.583657760791983
70.32467561067229 428.1045706894319 9.442495488187092
321.042463568064 254.34516187499744 11.701162534593347
7.988453168785769 408.1588345933609 7.55982107250165
311.25731131531745 89.71500512594687 8.37979330388292
81.94913108071889 295.72586784681215 8.11288618520269
99.92452201854435 372.5341796172615 10.95776709458111
93.2108625904915 93.57888596143194 5.000000000000001
223.84954150754393 85.77654857313671 7.120468763324874
428.3164345993647 394.39119893375886 10.633484804184327
37.232736555984914 342.2792300582778 9.495279701203227
15.969646142370287 212.43633751546503 16.795445768916146
93.94148838324907 69.4177041402253 6.187047646071887
346.09803367102586 85.18956980959513 5.498389069532763
386.834212428402 124.20091332367849 5.633157514319601
122.1503370605297 105.12409712256738 14.71537776180238
327.08059673465215 6.772990256463773 8.475607179169696
449.2375991131933 211.14007754098202 5.351727481000039
327.63694124931294 450.2481084950283 7.558712951575908
11.312408498601545 46.02146314236399 5.324367048448455
462.83291393037064 423.93664889539156 8.517515376480258
11.540913578856172 126.13181110137805 14.144541724779987
67.35707787089056 328.6505918784416 19.54221404969026
3.863623143293138 116.6968984741527 11.777097844684073
233.55943982043087 240.7799940067092 7.044945132254714
248.2061788954585 400.4745558176152 9.691668915630974
209.55832053001012 205.02407009598335 7.004388768507209
297.6364636193392 318.1242754385474 10.884098629365743
261.1227082549853 86.76663407580732 11.874151076354327
495.6729660969632 475.17058864201977 7.806355353607959
405.70483896092526 111.67978449968852 6.0473591024535525
294.18177862595013 433.7723253416647 11.937636540569626
310.70760368694084 167.76435234734188 10.474627832949071
106.85567702359965 425.185363821823 19.27989676967674
150.56058437172592 321.7949402890202 9.098038754669794
5.477052668319049 407.82927855955427 7.917156123572639
2.0004812576779885 230.83177315102765 13.666060414200293
497.5442391786305 10.955117321557795 4.494532452738017
85.49232033387877 277.92663271134757 8.162359503127247
80.62401694240717 62.907995359779754 5.633816925519626
225.03485277958617 430.0261261160478 5.989622399002003
398.89936472127755 264.72685677146194 7.196076569866641
163.04620765810208 101.26540733642375 5.901106273468555
8.651320002622697 191.2219127718892 12.89639956258766
428.4700644042533 499.4429026532692 9.194567649803174
266.0498046064742 8.55394484335581 7.377725923450811
452.55349319888325 422.8846087930701 9.880607639399598
183.9453195087482 108.46536623416631 6.369436190701094
438.63191105096087 466.41078961474784 8.811277849639621
159.2464113625117 457.5036724353482 8.150717727497659
107.75155108785451 171.68104417594932 6.861670834150158
196.81888505715372 291.014932099338 9.537674608196104
400.60230509551906 138.04798147404256 11.306364365607696
193.5196795343287 351.6202072589519 6.808125922875545
86.39319292143959 197.17195747192366 9.23072459775338
373.58215040109263 98.43275672824974 9.462635462818323
101.46771409489497 135.25257932985346 10.536569771987299
107.27577865709692 163.90559603638715 9.43776158544514
428.15296747197556 384.27258672678255 6.169446573224709
327.560662031184 296.07381894019125 8.402144910696242
449.68627142727604 164.7022719895777 7.93351805410442
411.4157037237872 165.25406741546888 7.297528112204333
478.6796770805428 160.19785967480044 5.010449546539016
404.15419149522563 338.3602838820968 7.344113552838714
60.95913707872841 478.9328026342594 9.443849237912644
389.22097208658926 113.19836169249136 10.920377644782135
456.97675535064906 138.52019183411392 9.59975528194456
188.98683260024103 263.4782146285244 10.330426627032255
127.57529773382231 146.38353857780083 6.838457332245633
429.5725018325041 416.9553512626784 10.037253813941433
497.9850539283217 220.72279191502486 8.9912077191309
95.57240835716001 222.68776124281197 8.228963342864006
248.6997079777997 242.9982892225597 9.192117471115424
