500.0 500.0
1 10
100 100 10
470.38712637588907 383.198757116324 10.0
365.19730257544137 40.37066573394821 10.0
223.96880253001 411.57410463114286 74.76147083614919
115.99836443312378 471.1609823016607 10.0
224.43326353243347 491.7846472258785 70.90710872722696
406.784232872286 372.7899081706304 10.0
69.71032390429288 69.39030735321039 13.715728617453472
289.8701262832225 244.95273782812322 10.0
315.22758725061925 321.28841535640663 10.0
407.9688275829342 392.6977755014464 10.0
359.9665443683307 81.18821297704815 10.0
150.72926871557107 282.87057102271746 27.035224197636108
124.27921728531571 121.46967473870934 110.74576412451125
380.3850516229917 402.789737677085 10.0
183.08896579117607 87.93998759955474 10.0
232.06447265727144 465.9300260983777 116.1618830563369
36.03427282655186 494.27019537275595 66.13147568174413
177.13957955741805 231.50273478116733 131.54384758912585
78.67795100983976 368.0957760701154 10.0
90.56044297176602 402.4673639862072 19.050603671298802
354.530399613112 353.57174279692464 10.0
7.00368342619978 22.844144545549838 10.0
247.71795582802153 167.91973293505552 10.0
361.89016364029493 391.8673478677734 10.0
460.1809952604631 175.2461178878611 10.0
255.7504049280146 218.81191843888826 10.0
303.4147710602446 443.9489277502452 17.229427756029658
38.333904911417974 428.4002536474228 99.18656590480424
24.56037107026021 331.5324944622806 83.10739200062501
418.40834616633487 191.17504056027045 10.0
147.8871464478988 32.21512671327004 74.64853633026759
233.18973412383727 483.4431072469171 117.65259095704833
364.7618983169018 17.590188051421762 10.0
465.95333747386604 285.36852322425943 10.0
483.01889455595204 423.4800126063455 10.0
411.17303958918916 478.477451410907 10.0
17.422881895495014 189.7346766931838 85.98950911126994
369.14150247440864 165.0602659227034 10.0
308.1646096315473 369.7400744226433 10.0
112.41802376545151 147.3475926410055 74.39377987419671
431.7797352819096 428.181741939517 10.0
439.61780450270317 369.6255902905196 10.0
105.57239193186251 377.59135921590035 10.0
195.39773807329718 417.0275314142493 32.015037561415845
88.65889230764296 382.6126079913809 10.0
64.36752303497373 118.21573455810241 10.0
169.94255794945784 77.55636728792331 10.0
45.038268755883905 86.3134834688316 10.0
133.2363195292818 457.91318904209766 10.0
343.66761618523157 473.60226552050796 10.0
335.3069569303567 235.82370358145255 10.0
157.0843918520169 93.91111929144652 10.0
174.8518562024588 148.13779467869887 19.373454211270726
397.4076642770796 388.8565871569533 10.0
283.186215088913 42.67718071709476 10.0
463.97331284533226 278.10227423761853 10.0
284.3292173735551 149.9584016220935 10.0
426.43103281308186 210.41259079289782 10.0
152.1383457692922 278.60366808955416 27.663974487406854
316.74755596466173 172.4877546532367 10.0
71.10570430008617 276.5017264460055 10.0
184.83880820123045 22.9367430149513 10.0
431.7100871427345 178.2921618674328 10.0
102.69090777516443 479.0215034180285 16.96303285347934
202.77712683273813 385.5129740582243 78.64583977882087
176.61819860695255 198.47988735956474 66.01276456636228
444.2647943266235 294.1989030885453 10.0
230.9239644249676 188.08725912151846 28.138696598319207
289.29986097048896 367.9457724538038 10.0
43.83530316715706 248.7412354051222 30.48067245311845
168.3752310478462 113.13924592807994 11.37215081438401
448.2314215585123 224.73014781007333 10.0
111.28457927528463 360.85413419428056 10.0
383.5290977662067 128.82605317532276 10.0
110.249439968652 27.681402104378805 67.80771504607793
170.76475143311453 237.7447930307696 138.13401451381333
388.8253891554526 429.9544909268458 10.0
330.4205481956065 220.4829965193737 10.0
239.6821991366584 423.4346292830667 93.00942823848997
336.78335007754293 306.3390206110416 10.0
366.6123054886671 286.33509145630524 10.0
182.8599851397928 222.7986209473113 91.38015871689471
378.079284407793 3.9521335060438423 10.0
190.10554250424843 417.37726838069506 24.367283918083995
445.135299886141 380.6393122531334 10.0
11.4756253231596 76.64245614420523 13.36904418131619
59.866894190554746 290.15819089596437 16.804311662448768
213.4786518396664 308.677490884122 80.98140018669625
33.431541309629495 104.50693248240972 10.0
159.3745830975441 280.05038517093567 33.09282996312141
54.826945018501775 338.7102278443708 42.55663082302012
105.63897588343568 321.1908643678402 10.0
251.37510072611585 455.73915069884674 87.97623977499951
419.99825054825726 428.6958588157306 10.0
133.8665955464288 146.5482067332969 109.94994499887333
104.1907106311597 376.1345055675172 10.0
204.11509956259826 31.25484198590911 10.0
267.49149435115515 58.42394592688688 10.0
415.23853884413086 12.55163367447154 10.0
43.46105651912302 47.767642749065196 10.0
201.2200775488746 360.3355543774103 121.70325442723107
285.26268606822447 337.3388533223557 -1.0
336.0475124214517 77.11122350430244 -1.0
447.86131146384844 360.7732352045919 -1.0
381.54950960519744 46.44691084944552 -1.0
330.44064334624545 262.6725120922574 -1.0
392.58511620114945 138.6219610874128 -1.0
141.97142158010502 176.47927284798908 111.87504951935549
165.22353547728892 338.24484618254445 58.846527832525204
376.56903728157715 291.59380884298616 -1.0
91.86545327918371 294.2423303495415 -1.0
483.09527451552543 45.24027969921407 -1.0
342.35957932867575 178.4102839689426 -1.0
254.49539001407874 155.3331999055923 -1.0
177.40013209765982 475.23939534853116 8.309580726205615
117.39105158709029 353.16853394975425 -1.0
234.8189277386259 81.22203438617665 -1.0
277.88107804448066 229.42672461926895 -1.0
115.48312133967198 137.05578001942865 90.06630974262114
276.8364464535339 127.38271775178822 -1.0
343.9017100462012 147.27135291990257 -1.0
30.102732516238518 403.93338561364516 73.29445507390338
407.43159778623163 160.74168668743704 -1.0
38.452688151943526 307.2995413509993 63.1573256501906
106.52527322305072 175.42748627294003 12.103603544463946
385.9669018586392 233.11451477384415 -1.0
54.17854468587435 14.93893787773376 -1.0
86.09919535413563 367.3522481877552 -1.0
472.48574419202146 271.5502686123157 -1.0
181.7562219110071 304.96540275542367 111.2051279821393
409.08614562185437 241.3588870315054 -1.0
207.945000114443 282.91846441962514 88.17122173124693
305.56763111148564 492.2071790398768 -1.0
265.15839722121933 450.576899641476 26.106946615009473
322.98947738520417 462.31476429397287 -1.0
159.24208800548973 372.6832702428946 4.652447053727413
66.16397676879498 432.153126398196 18.90861928970476
37.57244821690975 421.0993917683177 84.53146564234683
487.39794717014115 480.28455773191206 -1.0
39.83286744623654 251.3789915028375 37.1746860079959
233.74905898689607 363.2531893777488 42.85748918046042
376.03125102248947 154.1595525160397 -1.0
411.6369137331074 57.22488719559921 -1.0
185.43426512432708 143.10280943013353 -1.0
486.3952540327362 126.65171745207687 -1.0
389.61489114413183 183.50742598927405 -1.0
249.17269911492346 13.279896331965746 -1.0
152.50617198409822 445.8057747128689 -1.0
193.27879454523034 458.80149744244665 20.39962107352659
174.11959123207737 308.8740089671328 74.43341863286095
477.59750262067644 164.65182103767822 9.088865565422829
330.72669477748934 360.1961269638837 -1.0
395.306082566911 49.761279984643416 -1.0
492.70933154260575 245.28110919059222 -1.0
109.57849580822094 28.285706081388362 53.04184880219592
351.15586225459856 105.6280887994917 -1.0
298.2015059010324 291.0628253572321 -1.0
237.08144605280796 293.11650806810474 34.37205425347014
184.23370795785547 482.00318183903346 6.492493884146808
249.78398444714517 265.9585147317525 15.099534863670975
192.18188482223152 20.552764443150906 -1.0
229.97817954053795 482.02206870012134 90.859776234528
410.20444427417806 70.6129168253884 8.761518563900236
71.15361134041581 315.2559237716724 -1.0
126.13183028235564 358.6803124630693 -1.0
86.9348286097843 36.70305710683447 16.81147277697943
203.43692499158504 195.36790946456605 19.829982418249212
156.17182555199176 76.42504295966084 -1.0
451.677246288172 324.5516806043034 -1.0
14.716911043659298 160.955669790132 80.78429087917334
78.63329408915637 372.1196792062337 -1.0
481.4976330411259 186.9671679667426 -1.0
244.32808525745676 252.81570007754095 30.200428350881154
499.885789175526 479.9373268369325 -0.8421090727517524
283.72813957234183 27.770467769407283 -1.0
316.11503784232514 8.958764606161019 -1.0
361.35310661735696 188.1110636599042 -1.0
150.2467465149841 51.363790888952046 47.206434999152194
6.119113274606458 454.5657418296395 162.55652637164016
429.6485684409305 267.74726762367817 -1.0
368.80719168488747 90.44258016002493 -1.0
80.31296509165514 471.60613980106655 75.58051203730116
57.218377173086644 345.1578422593822 16.69063661176608
55.346433632574296 334.3479990440569 18.93550571103466
67.2848253831852 19.73667579891858 -1.0
332.1190529021565 421.624308198334 -1.0
18.906563333641657 50.84499837568873 -1.0
169.3965802828155 212.09470947332986 117.85562617882803
6.0464600113787075 499.6844269867414 85.75787721852672
125.42440058242266 465.3349131400944 -1.0
497.73104522044224 455.19270750167215 12.985576323351037
255.97920572072175 27.961228678073603 -1.0
225.59923098563567 367.08249733305587 62.6158917861357
285.7150438719928 487.3753508869044 13.111225653728297
78.62372781701276 375.05217403034663 -1.0
193.88941561609968 259.73853494822174 128.29875430977427
170.05609470525084 355.4248671854695 44.24822139122472
319.46003597466927 7.936625278497866 -1.0
70.69777502427193 358.3207374074307 -1.0
470.40995162752233 102.10571115074136 -1.0
242.3132870270831 258.3162159417618 27.390896084552995
