uu-dem10_r25_1.in 0.7830227616755497 16 0.03692355121475343 0.04472433121475343
uu-dem10_r30_1.in 0.8414879253456344 13 0.06756161846438172 0.0751623784643817
uu-dem10_r45_1.in 0.569507658646698 9 0.036036125340076865 0.05929078376399248
uu-dem10_r50_1.in 0.4011750897785764 8 0.02204574577816856 0.052052643869979515
uu-dem1_r25_1.in 0.13145137751767103 11 0.0010570791963555911 0.009152079553330646
uu-dem1_r30_1.in 0.12997644557795057 10 0.0010489532633629747 0.008993045362025182
uu-dem1_r45_1.in 0.1397386991698537 7 0.0012304775137762212 0.009059567632176763
uu-dem1_r50_1.in 0.13192129884525433 7 0.0012219405495962979 0.009611379225156213
uu-dem3_r25_1.in 0.10950209267318106 12 0.0008574425319489014 0.009706641080837023
uu-dem3_r30_1.in 0.12301641689966358 11 0.0010108236065285866 0.009524449046611295
uu-dem3_r45_1.in 0.15047613898248985 6 0.001428757402712792 0.009491572996538616
uu-dem3_r50_1.in 0.15076618564329103 6 0.0014027531624202726 0.00929891224531601
uu-dem4_r25_1.in 0.1462862200179644 10 0.0012747526096474745 0.00945925554042988
uu-dem4_r30_1.in 0.1281594858346887 10 0.0010499777978822348 0.00916037929471969
uu-dem4_r45_1.in 0.1532280655524956 6 0.001462141665832813 0.009519973342532058
uu-dem4_r50_1.in 0.14799125170909758 6 0.0014177908020856398 0.00959470420406448
uu-dem5_r25_1.in 0.1910661678829821 12 0.0018239785748003707 0.010191964823506422
uu-dem5_r30_1.in 0.22033087563365344 9 0.00217159555059758 0.009879327426913276
uu-dem5_r45_1.in 0.1487968522126652 6 0.0014376261214141966 0.009670358366998266
uu-dem5_r50_1.in 0.15720248538487927 6 0.0014657584086607018 0.009276789812950088
uu-dem6_r25_1.in 0.12365569701393143 13 0.0009721008784815357 0.009597763160098173
uu-dem6_r30_1.in 0.1512283076094074 9 0.0013731685964175314 0.009600465971522356
uu-dem6_r45_1.in 0.13227776019622856 8 0.0012001536761852376 0.009620233843986104
uu-dem6_r50_1.in 0.14241900283317918 6 0.0014122205506462196 0.009974952458587575
uu-dem7_r25_1.in 0.132034986572126 12 0.0011720004782640298 0.01033763482383579
uu-dem7_r30_1.in 0.12476309174172134 10 0.0010591856287212606 0.009555307972181402
uu-dem7_r45_1.in 0.12529523058073055 9 0.0010290783193832428 0.009009858552898013
uu-dem7_r50_1.in 0.14299447691419895 6 0.0014098190917719538 0.009913218235544047
uu-dem8_r25_1.in 0.11556976100280636 11 0.0009720870305107462 0.009933924169861136
uu-dem8_r30_1.in 0.13784712204232813 9 0.0012191773010701125 0.009512674018519922
uu-dem8_r45_1.in 0.11973782033512012 9 0.0010136833164203077 0.009382305996103959
uu-dem8_r50_1.in 0.15176921568698395 6 0.0014187724700422699 0.009336130331846033
uu-dem9_r25_1.in 0.14405512145582788 15 0.0011959888043797063 0.010101719272010309
uu-dem9_r30_1.in 0.15219537983708167 9 0.0014757824516725133 0.010240952362171273
uu-dem9_r45_1.in 0.11449182398122701 9 0.0010068954337566825 0.009850939476598984
uu-dem9_r50_1.in 0.18364886958214136 5 0.0018545487806421325 0.00975229288193956
