uu-dem10_r25_1.in 0.7404646770449331 16 0.03692355121475343 0.04472433121475343
uu-dem10_r30_1.in 0.7841003780850084 13 0.06756161846438172 0.0751623784643817
uu-dem10_r45_1.in 0.531229029908176 9 0.036036125340076865 0.05929078376399248
uu-dem10_r50_1.in 0.3788223020254012 8 0.02204574577816856 0.052052643869979515
uu-dem1_r25_1.in 0.1454582500381309 10 0.0010920518729633777 0.009152079553330646
uu-dem1_r30_1.in 0.14331239606928942 10 0.0010489532633629747 0.008993045362025182
uu-dem1_r45_1.in 0.15565042288682968 6 0.0014229231301935554 0.009059567632176763
uu-dem1_r50_1.in 0.14788086230452488 6 0.001416247088746513 0.009611379225156213
uu-dem3_r25_1.in 0.13350094450089472 11 0.000952475615971115 0.009706641080837023
uu-dem3_r30_1.in 0.13990348168858985 11 0.0010108236065285866 0.009524449046611295
uu-dem3_r45_1.in 0.15042323465110208 6 0.001428757402712792 0.009491572996538616
uu-dem3_r50_1.in 0.15068105390514755 6 0.0014027531624202726 0.00929891224531601
uu-dem4_r25_1.in 0.1578099733493017 10 0.0012747526096474745 0.00945925554042988
uu-dem4_r30_1.in 0.1416973207419455 10 0.0010499777978822348 0.00916037929471969
uu-dem4_r45_1.in 0.1528693916022183 6 0.001462141665832813 0.009519973342532058
uu-dem4_r50_1.in 0.1482144459636423 6 0.0014177908020856398 0.00959470420406448
uu-dem5_r25_1.in 0.20316992700709524 12 0.0018239785748003707 0.010191964823506422
uu-dem5_r30_1.in 0.22084966722991417 9 0.00217159555059758 0.009879327426913276
uu-dem5_r45_1.in 0.14893053530014683 6 0.0014376261214141966 0.009670358366998266
uu-dem5_r50_1.in 0.15640220923100379 6 0.0014657584086607018 0.009276789812950088
uu-dem6_r25_1.in 0.14853948133578293 9 0.0012421842744753122 0.009597763160098173
uu-dem6_r30_1.in 0.15442516231947326 8 0.0013731685964175314 0.009600465971522356
uu-dem6_r45_1.in 0.13980245350775872 8 0.0012001536761852376 0.009620233843986104
uu-dem6_r50_1.in 0.14326133585171483 6 0.0014122205506462196 0.009974952458587575
uu-dem7_r25_1.in 0.15069776584188976 12 0.0011720004782640298 0.01033763482383579
uu-dem7_r30_1.in 0.14964636890525843 9 0.0012499103538253147 0.009555307972181402
uu-dem7_r45_1.in 0.14836495062717003 7 0.0012767527125088361 0.009009858552898013
uu-dem7_r50_1.in 0.14377286836817685 6 0.0014098190917719538 0.009913218235544047
uu-dem8_r25_1.in 0.13668186929765003 10 0.0010763638956308367 0.009933924169861136
uu-dem8_r30_1.in 0.1425307751487361 8 0.0012191773010701125 0.009512674018519922
uu-dem8_r45_1.in 0.17442616270482086 5 0.0017524524779003081 0.009382305996103959
uu-dem8_r50_1.in 0.16371207127608178 5 0.0016187924700422698 0.009336130331846033
uu-dem9_r25_1.in 0.16971566351629147 15 0.0011959888043797063 0.010101719272010309
uu-dem9_r30_1.in 0.13664321009206049 10 0.0011091362338229859 0.010240952362171273
uu-dem9_r45_1.in 0.17119444459187913 5 0.0018001907818620063 0.009850939476598984
uu-dem9_r50_1.in 0.17442306341807828 5 0.0018215218472121604 0.00975229288193956
