uu-dem10_r25_1.in 0.6979065924143164 16 0.03692355121475343 0.04472433121475343
uu-dem10_r30_1.in 0.7267128308243823 13 0.06756161846438172 0.0751623784643817
uu-dem10_r45_1.in 0.49295040116965394 9 0.036036125340076865 0.05929078376399248
uu-dem10_r50_1.in 0.356469514272226 8 0.02204574577816856 0.052052643869979515
uu-dem1_r25_1.in 0.15852596878336453 10 0.0010920518729633777 0.009152079553330646
uu-dem1_r30_1.in 0.1566483465606282 10 0.0010489532633629747 0.008993045362025182
uu-dem1_r45_1.in 0.15494412002597593 6 0.0014229231301935554 0.009059567632176763
uu-dem1_r50_1.in 0.14814575451645925 6 0.001416247088746513 0.009611379225156213
uu-dem3_r25_1.in 0.1511883264382829 11 0.000952475615971115 0.009706641080837023
uu-dem3_r30_1.in 0.15049251688479626 9 0.0011292257118846712 0.009524449046611295
uu-dem3_r45_1.in 0.1503703303197143 6 0.001428757402712792 0.009491572996538616
uu-dem3_r50_1.in 0.15059592216700413 6 0.0014027531624202726 0.00929891224531601
uu-dem4_r25_1.in 0.17615187382913025 9 0.0014682369135661268 0.00945925554042988
uu-dem4_r30_1.in 0.15523515564920232 10 0.0010499777978822348 0.00916037929471969
uu-dem4_r45_1.in 0.15251071765194102 6 0.001462141665832813 0.009519973342532058
uu-dem4_r50_1.in 0.19055311526572624 4 0.0022006566428795895 0.00959470420406448
uu-dem5_r25_1.in 0.2152736861312083 12 0.0018239785748003707 0.010191964823506422
uu-dem5_r30_1.in 0.2213684588261749 9 0.00217159555059758 0.009879327426913276
uu-dem5_r45_1.in 0.16388096279375852 5 0.0017459274299741704 0.009670358366998266
uu-dem5_r50_1.in 0.1556019330771283 6 0.0014657584086607018 0.009276789812950088
uu-dem6_r25_1.in 0.15809704616881004 9 0.0012421842744753122 0.009597763160098173
uu-dem6_r30_1.in 0.1601220170295391 8 0.0013731685964175314 0.009600465971522356
uu-dem6_r45_1.in 0.16848949503368085 5 0.0018002136761852375 0.009620233843986104
uu-dem6_r50_1.in 0.14410366887025045 6 0.0014122205506462196 0.009974952458587575
uu-dem7_r25_1.in 0.16936054511165355 12 0.0011720004782640298 0.01033763482383579
uu-dem7_r30_1.in 0.1590655727921011 9 0.0012499103538253147 0.009555307972181402
uu-dem7_r45_1.in 0.15169433179877378 7 0.0012767527125088361 0.009009858552898013
uu-dem7_r50_1.in 0.14455125982215472 6 0.0014098190917719538 0.009913218235544047
uu-dem8_r25_1.in 0.15084663563544376 10 0.0010763638956308367 0.009933924169861136
uu-dem8_r30_1.in 0.14713592631896166 9 0.0010822151531930766 0.009512674018519922
uu-dem8_r45_1.in 0.16824789236671825 5 0.0017524524779003081 0.009382305996103959
uu-dem8_r50_1.in 0.15887306236657153 5 0.0016187924700422698 0.009336130331846033
uu-dem9_r25_1.in 0.19537620557675503 15 0.0011959888043797063 0.010101719272010309
uu-dem9_r30_1.in 0.16836498279445364 8 0.0015853723236078708 0.010240952362171273
uu-dem9_r45_1.in 0.16542013901789424 5 0.0018001907818620063 0.009850939476598984
uu-dem9_r50_1.in 0.1894592483915671 4 0.00222156184721216 0.00975229288193956
