uu-dem10_r25_1.in 0.6553485077836998 16 0.03692355121475343 0.04472433121475343
uu-dem10_r30_1.in 0.6693252835637563 13 0.06756161846438172 0.0751623784643817
uu-dem10_r45_1.in 0.4546717724311319 9 0.036036125340076865 0.05929078376399248
uu-dem10_r50_1.in 0.3341167265190509 8 0.02204574577816856 0.052052643869979515
uu-dem1_r25_1.in 0.1715936875285982 10 0.0010920518729633777 0.009152079553330646
uu-dem1_r30_1.in 0.16998429705196705 10 0.0010489532633629747 0.008993045362025182
uu-dem1_r45_1.in 0.15423781716512225 6 0.0014229231301935554 0.009059567632176763
uu-dem1_r50_1.in 0.14841064672839366 6 0.001416247088746513 0.009611379225156213
uu-dem3_r25_1.in 0.16887570837567106 11 0.000952475615971115 0.009706641080837023
uu-dem3_r30_1.in 0.16355017429888624 9 0.0011675414791318694 0.009524449046611295
uu-dem3_r45_1.in 0.15031742598832654 6 0.001428757402712792 0.009491572996538616
uu-dem3_r50_1.in 0.15051079042886067 6 0.0014027531624202726 0.00929891224531601
uu-dem4_r25_1.in 0.18290674030705853 8 0.0016223685889952036 0.00945925554042988
uu-dem4_r30_1.in 0.1687729905564591 10 0.0010499777978822348 0.00916037929471969
uu-dem4_r45_1.in 0.16346381356422995 5 0.0018002874674558273 0.009519973342532058
uu-dem4_r50_1.in 0.17761695594205107 4 0.0022006566428795895 0.00959470420406448
uu-dem5_r25_1.in 0.22737744525532144 12 0.0018239785748003707 0.010191964823506422
uu-dem5_r30_1.in 0.22188725042243562 9 0.00217159555059758 0.009879327426913276
uu-dem5_r45_1.in 0.1583265395375073 5 0.0017459274299741704 0.009670358366998266
uu-dem5_r50_1.in 0.15480165692325284 6 0.0014657584086607018 0.009276789812950088
uu-dem6_r25_1.in 0.17009663978430695 8 0.0014412103502840948 0.009597763160098173
uu-dem6_r30_1.in 0.16581887173960494 8 0.0013731685964175314 0.009600465971522356
uu-dem6_r45_1.in 0.1622767100288693 5 0.0018002136761852375 0.009620233843986104
uu-dem6_r50_1.in 0.14494600188878612 6 0.0014122205506462196 0.009974952458587575
uu-dem7_r25_1.in 0.1777249189262831 10 0.0013391530476202624 0.01033763482383579
uu-dem7_r30_1.in 0.1684847766789438 9 0.0012499103538253147 0.009555307972181402
uu-dem7_r45_1.in 0.15502371297037754 7 0.0012767527125088361 0.009009858552898013
uu-dem7_r50_1.in 0.14532965127613262 6 0.0014098190917719538 0.009913218235544047
uu-dem8_r25_1.in 0.16501140197323752 10 0.0010763638956308367 0.009933924169861136
uu-dem8_r30_1.in 0.15825936541625285 9 0.0010822151531930766 0.009512674018519922
uu-dem8_r45_1.in 0.16519157560658593 5 0.0018012710175238894 0.009382305996103959
uu-dem8_r50_1.in 0.15403405345706134 5 0.0016187924700422698 0.009336130331846033
uu-dem9_r25_1.in 0.2210367476372186 15 0.0011959888043797063 0.010101719272010309
uu-dem9_r30_1.in 0.18288427096667453 9 0.0015853723236078708 0.010240952362171273
uu-dem9_r45_1.in 0.15964583344390937 5 0.0018001907818620063 0.009850939476598984
uu-dem9_r50_1.in 0.17667935576420038 4 0.00222156184721216 0.00975229288193956
