uu-dem10_r25_1.in 0.6127904231530832 16 0.03692355121475343 0.04472433121475343
uu-dem10_r30_1.in 0.6119377363031302 13 0.06756161846438172 0.0751623784643817
uu-dem10_r45_1.in 0.41639314369260993 9 0.036036125340076865 0.05929078376399248
uu-dem10_r50_1.in 0.3088705593488582 7 0.02304584577816856 0.052052643869979515
uu-dem1_r25_1.in 0.18466140627383182 10 0.0010920518729633777 0.009152079553330646
uu-dem1_r30_1.in 0.1752069199797879 9 0.0011278523517822318 0.008993045362025182
uu-dem1_r45_1.in 0.15353151430426853 6 0.0014229231301935554 0.009059567632176763
uu-dem1_r50_1.in 0.14867553894032803 6 0.001416247088746513 0.009611379225156213
uu-dem3_r25_1.in 0.21006976105242184 10 0.0016514832747368544 0.009706641080837023
uu-dem3_r30_1.in 0.17379181191573853 9 0.0011675414791318694 0.009524449046611295
uu-dem3_r45_1.in 0.14988295094694432 6 0.0014215139902182847 0.009491572996538616
uu-dem3_r50_1.in 0.15042565869071722 6 0.0014027531624202726 0.00929891224531601
uu-dem4_r25_1.in 0.18575561692254877 8 0.0016223685889952036 0.00945925554042988
uu-dem4_r30_1.in 0.18231082546371594 10 0.0010499777978822348 0.00916037929471969
uu-dem4_r45_1.in 0.15705317797019164 5 0.0018002874674558273 0.009519973342532058
uu-dem4_r50_1.in 0.1646807966183759 4 0.0022006566428795895 0.00959470420406448
uu-dem5_r25_1.in 0.2464712231431767 11 0.0022212617460994517 0.010191964823506422
uu-dem5_r30_1.in 0.22240604201869635 9 0.00217159555059758 0.009879327426913276
uu-dem5_r45_1.in 0.1527721162812561 5 0.0017459274299741704 0.009670358366998266
uu-dem5_r50_1.in 0.15400138076937736 6 0.0014657584086607018 0.009276789812950088
uu-dem6_r25_1.in 0.17508053315358915 8 0.0014412103502840948 0.009597763160098173
uu-dem6_r30_1.in 0.17151572644967078 8 0.0013731685964175314 0.009600465971522356
uu-dem6_r45_1.in 0.15606392502405775 5 0.0018002136761852375 0.009620233843986104
uu-dem6_r50_1.in 0.14578833490732174 6 0.0014122205506462196 0.009974952458587575
uu-dem7_r25_1.in 0.18977076577190255 10 0.0013391530476202624 0.01033763482383579
uu-dem7_r30_1.in 0.17790398056578652 9 0.0012499103538253147 0.009555307972181402
uu-dem7_r45_1.in 0.15958260617857034 5 0.0017494010992312426 0.009009858552898013
uu-dem7_r50_1.in 0.14610804273011052 6 0.0014098190917719538 0.009913218235544047
uu-dem8_r25_1.in 0.17917616831103125 10 0.0010763638956308367 0.009933924169861136
uu-dem8_r30_1.in 0.16938280451354407 9 0.0010822151531930766 0.009512674018519922
uu-dem8_r45_1.in 0.15849297967215492 5 0.0018012710175238894 0.009382305996103959
uu-dem8_r50_1.in 0.14919504454755111 5 0.0016187924700422698 0.009336130331846033
uu-dem9_r25_1.in 0.241497879539276 13 0.0015960288043797065 0.010101719272010309
uu-dem9_r30_1.in 0.19074368739903902 8 0.00185860355964264 0.010240952362171273
uu-dem9_r45_1.in 0.15387152786992447 5 0.0018001907818620063 0.009850939476598984
uu-dem9_r50_1.in 0.16389946313683362 4 0.00222156184721216 0.00975229288193956
