200.0 200.0
1 10
40 40 4
27.049950650425902 149.71790720149207 18.420146584524225
117.07190981700857 17.04329924518224 25.552441776456526
197.77154807388015 191.0835820614721 22.94141209906809
17.756831645752523 83.37886891298665 25.696825127249515
112.93581425789394 125.4578276660135 20.375035494800144
153.23051986084852 141.13809933125873 27.015017172789726
136.12461927569396 42.368899553297034 22.959354868471955
190.68003840100937 49.291017494771936 25.955640352820353
81.61525937530098 91.65631520825832 18.02663993460346
97.9711870251677 26.441495708330432 24.291648684335364
74.99492495957529 131.83643579719472 21.7337253297812
58.507974368069625 189.34825885458696 21.091451649309015
113.49838404573865 46.68999253213695 23.292255667076628
42.89567972516921 52.866513694399785 20.758717484591777
72.99778920718663 125.51844024335692 21.371535827477416
101.52291317910851 8.429149436648032 25.68102009205398
3.50767492485915 92.83973804125839 20.078812095888658
128.05962967344374 87.87888777008588 20.256962697074535
23.11769681955329 26.433546808367957 19.023982749120258
73.24383716351757 196.94470120198676 18.69657079964827
128.71636885181076 156.12743022073204 24.287709493036115
93.83997449836347 156.2373391782458 24.265280471148063
193.17524519977445 44.378866965852694 26.240724353215654
33.41935887154 21.23093527619735 20.784835736819975
11.3567931417081 187.80573928230848 23.832506484803318
160.37753501958386 158.5607093480838 23.53981107050431
160.4931438612587 15.042190398970035 19.187987227259224
62.98443590408957 127.26537562979992 19.3824701577369
30.59718296457983 61.80670077919479 23.351305037463536
50.84728264911913 42.987733490482526 17.86826141778745
149.51314655180948 66.54190583921684 20.93243233221527
10.053943835857226 60.14039401934879 22.088220973576448
34.39046780970991 165.35958102123624 22.333279876340935
96.01019896164955 34.51805973343491 25.62464674839748
112.21924891214294 105.0641512385513 17.889140407258033
7.2778726641770985 31.964802912758383 21.839857184518266
12.545701522907148 98.26154939665383 24.29190778425005
26.885649354521025 167.276382287655 23.768031131376375
102.05087765530001 14.135935616451235 22.787560260097585
91.58126213185851 76.57524979174335 26.62161589972273
6.6520607117088515 97.88285059576877 10.83730401586509
60.85981118999353 125.25749719131045 8.317356600019737
129.47131634399608 97.9829786416432 12.364694832804213
54.81673783310605 88.92136917588478 7.179073731444255
95.79645063692493 113.89512403880218 10.177783588686925
129.7536270361729 11.683987966699029 12.499807264114057
176.48938009279763 22.04201475590921 11.169251049350724
183.37079058641365 22.962789597606402 12.206397543289597
70.6281346290228 31.143907051145558 11.972607851413077
133.0217932379576 117.53531913087656 10.58771860148563
79.71483384311091 50.29227318785083 11.780447238905321
81.0306278349651 71.28181423541844 13.435131732810843
197.82060997449278 178.73928796871033 11.619124863312809
85.36419137341463 40.54822352244476 6.682013930068942
23.829856976257613 140.62305452470073 6.807895334522669
53.593727776052205 133.98448088964858 6.30228121479782
95.27460889030088 148.56255478264927 10.0157894094402
85.75558444327757 71.80006099926123 19.100087464157337
48.329852942726916 174.22400436693636 12.97813298398526
127.37602641378156 0.7386176506339881 7.580664904715199
37.67543301758993 159.19934909948864 13.401703578852416
166.90878673801538 126.83569568944523 12.975877559899368
70.84119916494487 58.54574868191935 11.877389569372845
63.2742657885417 20.34362491089712 10.34514684229166
192.45811947842577 173.65542790015306 7.714333371400921
44.466641779272244 91.0644135862459 7.151628172021917
36.75852721220545 56.03233159029997 11.496944566822187
57.014642721943275 103.40137731898815 6.0931650926475065
65.10589145830579 142.66458205310806 10.925669372959945
114.01143488053415 161.37220381560653 9.931568943966026
129.59320911867263 28.13374215472195 7.617326097852031
146.81475636701927 125.49294024300065 8.964217342218186
4.215998390489095 15.58090506898251 8.35272790877076
161.23354733695382 142.69230244558585 14.4805166444542
183.6164547149956 121.03422682476838 18.883281777018546
100.85186007078968 149.49888310462393 7.607263647624
32.612682059501516 152.1830422635796 9.292895813947247
124.58169669709547 63.715281119299895 14.040668488492855
103.35998500884122 118.12963295904564 10.871320990699886
88.46262001947436 75.26910541285703 15.905879297340292
90.44622059501312 93.6573879463315 11.949874403043587
