200.0 200.0
1 10
40 40 4
140.50348986140847 0.3784023971326933 3011.1743414608986
19.6076955354076 87.97163788128812 3199.5673458075644
3.5369459486968235 140.66493434454708 3052.4932925700377
84.1902386290784 185.4027379187634 2753.2793924400976
53.23354409234709 94.99309885044185 3077.1520272963817
52.48295204797451 23.23359531973235 3095.835598978605
126.26609820947785 75.85166288611246 2891.5604596136263
96.17846938144869 122.65137539614508 2833.144890191906
16.495716188416054 30.871715548194945 3012.3635860501686
76.26819773247739 29.604682375418246 3052.955795761257
157.8324766089483 121.84110271582793 2685.1890683975485
78.48533362170657 140.6530315128984 2816.9370428987104
110.84651366200092 40.519150406135054 2988.954950523543
181.73133733371992 43.8404817752843 2867.329925736358
150.2390679833993 65.21413130822256 2871.4114278985535
16.61714297195658 6.597651085354239 2988.2719580389676
25.607651867819904 101.15423924201788 3174.2123465959594
125.46378421583324 119.38118611148295 2766.7315290618963
158.0307016679819 43.32522151826841 2874.794155573981
185.2512810824394 108.6623478821074 2711.5027496690964
120.28612951115383 86.32222871411217 2882.016535651166
116.96349224988036 89.17161704980441 2883.275782616586
47.61934901818656 110.88558962031566 3052.6835737383985
89.61491887710484 90.96930730013872 2947.787439108444
48.80857582591083 190.25945751171716 2842.736477907645
117.46610171314134 114.81877564853316 2789.0107026651694
172.91739832763423 42.96300863904059 2866.9334982261776
80.38501530858566 141.05476665485853 2811.4143437435587
177.22440939964642 172.84302189330037 2598.8034024764333
149.114786393699 190.02375250928074 2664.016704130536
36.59005480127986 154.4934030405631 2954.886593303171
50.33271525767455 178.78508447613717 2817.886550749766
27.885309499817534 97.2242130983742 3171.5589698107765
121.31845038588571 42.84166883715636 2958.0426189358654
188.48717468013015 96.51095828859124 2738.430697849595
186.0176527963526 53.49488923621302 2832.7294030172025
145.99545413350137 16.483663852236784 2957.5029006070213
60.31964794675493 43.21073408835239 3080.5107642803523
16.274856521721293 177.20498707241273 3032.994855214985
26.353895598689768 193.4541040835714 2970.118109124826
121.28411872453415 27.65695354485789 2960.151083681071
31.809882185126902 169.4559963776323 2910.623008894704
72.14739358570542 33.21047383484803 3039.6464904294266
97.88733840885122 71.85236329143578 2981.3491392845167
147.38251474189929 126.39663630377976 2670.2068562553804
24.776864036451517 23.768180494251624 3051.069461068733
171.70960047100624 143.7240635739177 2626.318665555504
111.19462417392512 138.85386941970074 2714.002770482941
16.096578252146408 165.86188559396206 3037.2130638423987
187.7631510512544 52.41836558852759 2814.1314040205975
120.1442373697201 98.73378667892074 2844.600960262657
25.19183184647982 73.43244691370496 3183.0272409795684
126.7131823892516 64.88688773470415 2904.693738510514
89.59646360260966 135.15317023327114 2794.222734003492
12.88113784392464 178.66775431968242 3039.716508374952
150.5775884027879 34.9830033330188 2896.7585690874853
72.54622214447095 124.32532110872543 2861.8154142432045
36.00346569300421 172.84333603429397 2869.9911973427575
172.59826442081027 181.8764534216757 2613.4772560222686
116.7620274365048 46.19530272679566 2956.960250950654
17.053249876584697 34.26828120013745 3023.958593135903
39.802597564550865 100.24679891418128 3129.2614165614596
157.7880587402374 189.33642055221316 2645.572266133159
176.89151846453137 146.99209216599877 2614.573594454412
150.57210527048173 160.02794181237687 2624.1384258175704
63.152641794761344 185.59157128611352 2785.0769805947607
125.88547695542019 69.56010022945915 2898.6072469851692
57.18226549887564 34.65339262183929 3065.3738379447627
22.308044569634667 109.77419249003898 3170.5279150667984
100.98213130516937 189.8400773022446 2710.322520997347
143.77771781815764 72.14574770498838 2851.551070783411
49.18642121116284 48.8580842003042 3130.8336400458857
120.8641459323099 152.97815705711696 2678.326487573325
77.6079268741202 140.19794399567678 2808.4352538492603
120.77790419879035 95.79282407986891 2847.8955593165747
80.04160920246417 124.53995593173633 2844.715277300241
103.39145999361044 188.55943855832598 2710.1671482775737
6.4836934372470845 9.126356767648701 2942.637981069588
125.55412546757665 99.36751131064175 2842.3428041689394
9.706523245969567 139.60509918838974 3088.055076888987
93.66150163864265 102.76982319983865 2890.3182574119455
