200.0 200.0
1 10
40 40 4
25.344569198950495 178.97763290247448 21.5326834701173
166.4688306083662 168.3630979458481 19.688951817816857
139.50591564129894 127.7925631611827 21.04362640059521
19.794257797989978 199.87308663277344 18.958851559597996
178.89788952603865 98.27015414410735 19.871428263749667
28.54712115444795 84.61142612399198 17.654291486263435
39.02929563679676 180.49242241220443 18.2735054917189
121.66488284549129 76.33567325331786 19.912333269141477
65.19642157238886 37.811682335903505 19.540245464561657
121.49506310190962 63.075301594027344 20.948226103185615
62.52912212744983 20.37454034304882 20.46793409472087
50.12220203267541 191.46096742264857 19.714947843019097
104.05353907936372 93.41486484460751 18.317027031078503
81.23469522837927 23.45673876426211 22.221794187417853
163.31215239773883 181.24120590995997 18.42136817721377
63.99746541597311 4.7391012814203215 23.989385611859696
97.97469988811913 38.62187338124665 17.862455768891245
90.60910917317864 19.9528303596326 19.99056607192652
110.201443112805 189.0108297244339 19.908593030444095
40.84001918073405 78.09743268624749 17.83199616385319
102.66352585170051 117.85776457489989 19.200211107612713
31.32291098803075 138.66991633705751 31.20338433721686
25.441556382527942 3.624941117200664 19.0
8.070704215082491 67.94068366363157 16.43652363541168
87.39302417712283 150.83820318639988 17.262221052992373
109.54261660066574 115.72062910388861 18.85587417922228
71.68002796560384 60.340342852104655 18.267391331989266
154.93468408513266 48.547239086098884 19.282961110126227
134.6972482310779 69.01469669329914 17.26695549063868
54.198558894610095 89.99068952541451 17.003724189834198
0.6940266163133924 51.89306141668173 18.448883870897742
193.34931189902375 16.902881204279254 19.075203913798408
33.9593258326746 81.93514149477394 17.48539093812936
90.24062644804232 21.63283339636819 19.408078084032958
179.71295031138624 44.40376746189108 19.878334189978276
81.22084429479268 139.8086777963074 17.20066518852642
32.70748415159919 12.284921619675693 19.0
12.362431269094753 161.68443532648976 19.43095954336031
39.36385081634477 124.10763421103437 25.768247437264804
190.86845338051867 67.09567614280685 21.32345908575452
142.19413302804972 136.549869208488 7.727950462439939
133.80540048240047 104.08844016402384 6.9433920636753275
23.297425132331217 41.536215650320905 8.000000000000002
175.6824866318775 86.3329735918323 9.375763117215017
63.91767066185601 109.35314120126598 7.870628240253197
30.425448115647846 18.6041212906048 8.0
198.17599317960048 58.49307163812063 6.556241132058922
163.24028453403537 106.75908772268778 6.579940882866397
119.76836497242816 95.79478127434817 8.6336818177395
43.47000965821126 191.051185800281 9.658478887374592
123.5275037841822 199.58932364301256 7.990431054393294
114.89094723434397 137.99433564369247 7.9738767533402335
177.02698642081862 195.37558312122613 6.661199232363962
70.15633354838606 191.19784957232795 9.458326751714395
170.3093114238181 163.8130808120362 7.014685106559446
43.92602211325614 134.641721516527 15.03095416621871
55.94533261455796 68.03419109728014 6.507894572666387
16.900851297483843 121.07490890775365 8.884604825658654
98.86233949191121 167.29799228031817 7.2320663544458785
141.23479009491896 98.04785232233806 8.481748113902757
143.43531814663507 199.41432960502402 7.3075791851161505
35.02979456949671 41.21277205585707 7.7529320357813205
40.55287959547511 45.599939289523284 7.000000000000002
64.68639090436801 31.719022030444634 9.416270788301375
24.321401787081133 45.98272956762002 8.0
55.38780255862632 144.06113166963695 8.563320998217833
93.27450806311492 43.54102977857439 11.04040624796884
94.74655987211457 112.7557153428614 9.874962191234783
110.27303031511121 9.660676657194278 9.762470181570093
18.61276524835769 186.059996390113 12.448263045021978
88.5436437751143 50.060648250757666 10.858151066479111
91.3183555474674 179.33745056388224 7.506248145042507
2.9031907961265757 116.61034281201958 9.37401059443711
64.65127147935421 121.9998206906355 8.641885785561971
170.23295059674453 185.01850657068888 5.953409880651094
83.49042839284158 185.81248921236244 7.041295627270811
31.03399690841153 50.35225480573282 7.737318872375164
63.728402392211805 136.48990232401516 8.877253224994654
171.0730700679071 98.1877803647176 11.374550736824434
92.6859227710783 98.6281483515222 8.83466709426214
88.1497771917399 101.85502467781642 10.413785824076282
