200.0 200.0
1 10
40 40 4
114.29793685331535 83.5101359936689 18.102957151455907
52.495410461889236 92.66469870381646 16.232980468889924
55.10562362937419 168.19547437418157 16.98649929596107
194.3132679959192 49.58189517762725 18.878698225064326
118.24253123151172 42.06789836788482 18.201644143792414
153.94577282800347 145.6292122535066 34.17674557300654
116.75364750689442 188.53213472893887 14.458662175331021
42.05496971828537 0.7302027605946559 19.1899612593787
26.10487447047989 183.26296537239938 18.38295623371375
101.40718814649583 10.286327715381717 12.73467904938477
79.65598239821719 43.568122464501926 17.052684775825565
156.77260835618827 108.03424840686633 16.05082468889944
13.553573758058302 31.99910374666832 24.63140451176494
68.15355698115305 188.24718104822006 15.727568272083927
188.2218785084361 6.735921757688357 17.44953693793453
173.7404103536104 92.07474885253713 13.74808207072208
133.37676496713502 188.7579403674219 12.834417582593517
85.11487954925543 5.7382582625495 11.531466165876616
7.33525421800858 87.56061329732454 15.752907705206237
162.35724655246642 27.131105514802357 16.84899478796642
61.86615814159278 51.23975754150067 15.811855062055248
25.58007733931671 19.73713968454105 14.561779821828303
2.652896601860677 112.06533138653154 13.771434664710647
54.7156965231262 191.6896655689281 13.324918412574029
172.07567579963424 125.7716289987095 19.502480394239523
26.754835938884327 125.37985323553869 17.95333837068243
45.13696218448941 1.193409645478516 17.71960935647137
64.37868269134522 63.437107454718955 17.493421841376374
28.169642052171273 189.03661620358 24.736967097791407
32.288992536213826 156.21321039151738 16.542201492757236
22.756772909913337 132.62282503131738 14.546308479470419
137.5112727733989 42.2999944915406 13.728781987143154
59.63840753479444 121.06518863345708 16.03001654340735
141.39253035005243 66.2105026787146 22.08344744899039
124.26749638055747 166.86571383403174 15.982444607880417
89.90114428584882 166.5522160026733 22.703190125437132
97.30473157968224 41.40278248196631 16.497677877173466
155.62991670184167 107.63344345417762 16.97610260853418
64.10676741357437 73.25108989920832 14.67347924835619
144.80191732908898 177.1502576749264 18.6575997661082
48.90225368352983 105.97949524933172 10.341156661317921
35.299440848922536 29.358227689233573 13.45634030741702
47.381059358763025 120.59854026399685 3.2812971010690566
19.23222552487902 69.4994629703611 18.817311624419645
4.742231332551472 75.57139209026444 1.0339061131901817
11.346589227549009 137.1184061069915 6.503527978013958
150.83478870474147 37.85261210608459 2.049461426779619
116.7540920771106 43.45023041556377 6.0794637911728735
86.8202442714782 175.56196988086782 11.758701840471513
99.47043159210071 180.74894603434402 7.506756854104646
58.896858965153086 184.40677005957707 4.685336884947307
123.65912608236115 154.04628921753292 2.871415136438406
114.01314646631333 178.95639979284493 1.351749059767533
185.0881020829977 68.53014200161182 5.235930447824268
4.2695917799959515 87.2020213803913 5.430925762572743
160.17059137767762 152.23871924475182 19.812064937725715
21.812275855392272 160.5285243722847 5.719694659067581
31.371860795156927 53.080320956908466 7.5245740433405714
71.5338361098224 166.19778343250636 6.402868937469917
145.19758851348843 104.1827892365401 4.235254147381423
47.454767007001905 44.54809340450008 8.909618680900017
56.03388092485564 198.57692992407098 3.671429079455158
161.69655934817823 147.60141036669754 22.824240125038134
17.521876916929635 34.20822899315732 12.2455892084829
9.368238842352007 22.263670253319745 5.043764649205446
76.99229456761603 171.4589112303602 6.474875553320254
27.385514627890515 63.58826767076078 5.871907147164767
99.22163867876499 97.65999463385995 5.693575282753432
64.95516557224796 27.068885037200108 3.829100318292241
26.558858712467792 18.860593974800132 4.34571795133726
114.07668649252219 137.91170805870485 2.892463224782633
19.270012259195802 197.2282935193068 13.559921468021704
73.16049275769485 5.7067320721994275 5.736154758543872
69.01603444186652 0.5519854724504114 10.308430943653697
57.17421589260716 12.52163096297354 6.088989161642359
170.82529174230385 122.95428003392344 4.451933791598134
64.94051592251606 180.78552141672282 4.197215382640897
89.57158087226927 82.52420447438081 5.536756658720743
29.7372614515671 194.01090655051266 15.990116712338036
18.5621976048147 150.32684254476092 3.556323558325892
80.30316718547165 100.88240070695366 6.741485226412111
