200.0 200.0
1 10
40 40 4
8.511504745925013 123.37678531048309 1457.6484131750085
68.33786366486191 55.52921407305607 1468.432784677178
26.864006031171872 134.53892011276707 1485.1942321942277
96.17696432776918 6.175143458750565 1484.125664128801
58.423264529221754 161.43223327223498 1500.9305849883517
13.44818320341654 123.82312270095987 1455.3572456334732
109.13688018269931 84.35269557353315 1457.7025142235407
57.51808665376137 41.630369947404255 1479.7305429529777
164.7313064865208 119.3360795840515 1464.4759993116106
122.86879448795287 39.535874819042995 1484.2501512479735
179.68276140754514 180.31412340933372 1437.12104024438
83.0189403834344 126.2051504171807 1449.2672590003165
140.6308453182544 137.5148327110048 1459.552849478672
87.67064610830566 175.66764859389136 1452.373266257208
156.6313910360207 90.04854183699197 1474.3704389116372
174.8074463707016 104.63809854416762 1456.9276197088336
119.13774816380078 127.99922076787193 1455.2277054791857
130.6531637762815 110.86298441335644 1446.3709623471996
4.057828607807856 44.96031616090268 1473.2047667863108
59.84480254947846 112.45139394382922 1472.1303236434376
70.06258799831426 125.98234383931613 1451.3728198846711
32.12715685348555 107.4506374075543 1457.1095039479144
125.20366852836861 23.54591250756406 1518.5821210732365
171.84023469685084 93.18441127121615 1471.8020582141685
76.6037379088246 183.92171356772974 1469.7252971333437
73.11814422338003 69.86522856279431 1470.0924922876538
96.96348914268897 49.69100923384766 1457.2040676022796
141.98484149239508 114.00900616930905 1453.7010077427872
122.7670536788796 166.87869034443435 1454.7253779407233
73.35018292106174 56.951946445879685 1477.3058434636534
181.56901406416347 85.3260700446184 1472.5762335087566
86.48151817584147 89.22273781855239 1464.6942374111622
54.9670792494322 95.98672701780151 1492.8473396135023
5.60793104902515 41.41384181176038 1475.7202693929348
152.7520776611551 93.6487235589325 1474.6281844150174
190.4232748193902 108.78618377908518 1449.2745160053014
152.77863133593084 117.88177752649456 1458.1414463472167
151.95197052648086 44.98411053219928 1498.5725033653332
3.044113764823897 1.3158816929907502 1505.3074287190082
154.03758655562078 23.565314239592936 1487.9386720718708
57.05516598460625 57.14978378635163 1447.6711819476968
16.58949143739923 182.9329802226455 1474.1155633227847
38.22734950667819 74.48884936855247 1476.7541831188742
170.8493725958929 168.65547621652902 1438.023327837507
122.53857209210256 111.14953827580626 1464.0222146975375
20.08747369460815 143.67952730805655 1499.1844064144873
122.00333241274188 122.50775070817117 1451.2943705089947
53.69895001314622 88.00783945923583 1492.1319659531798
15.374193094574661 78.41311017384749 1499.570414487714
161.95519206604033 110.17970897187266 1450.3894279356593
68.39383966523953 89.05888356205234 1473.2745595013766
180.7595618149216 87.85487628857945 1460.792875322189
113.33014333238063 109.06025949796856 1484.479395810799
53.416389157777935 87.87789148295842 1492.0286830779737
31.61153209628187 192.68056364939306 1466.316218565991
149.2826038031162 55.64499810866401 1484.593500955808
147.87483216448405 48.50150039938228 1488.3140547432827
123.92686595199736 28.887771429005603 1497.5659671303627
80.23299960493524 85.63132998469686 1452.0466110831596
70.65211777190086 11.037132902797687 1528.2690659324012
134.76656700958344 121.49387150656996 1448.401693785486
98.68452239550736 41.56404174127948 1460.252598747535
75.02148600208014 190.75880031741676 1446.4330571938378
48.024031433859115 77.96492614323034 1486.2857866942581
133.08510179728486 164.65772633315692 1447.2263812173483
167.13011828429725 168.18474195188398 1431.3118788469753
25.752597175696714 191.42508907718812 1473.2297037827361
178.30804996513135 113.38637133984318 1459.6013726712256
40.951491902269254 130.32704802632654 1451.6149744298257
69.03432329168197 31.286423895754268 1497.9602707241584
27.940982987628793 43.077944264610956 1465.777650216421
113.47431701134538 50.0555780702477 1441.466595830794
57.44127470096947 184.73766293471502 1458.5474133737607
56.37424089302172 97.98528682747471 1490.8605577233845
88.03926707066367 110.65926883516788 1448.7500927355838
140.5541277510192 84.9878680043268 1469.5615505974542
6.930357465722037 114.33995077015236 1458.2103716314182
80.6791523022651 46.93362450399354 1490.8790061372285
194.83521207134802 4.55242787348511 1435.6695095006025
55.39323513261281 192.07479946345 1447.2720627935983
94.6258394698232 98.59822800874161 1476.2731069487065
