200.0 200.0
1 10
40 40 4
186.71409194629655 28.833695472950648 477.7130576726286
163.81025409727462 189.29620536034338 465.3109151666075
196.6664984184306 54.10796590264593 458.0235319652351
137.53388428897912 101.69204505114105 460.985195975059
68.18133383095002 149.41586531014568 461.92224068712346
81.34802360563592 185.18121541824084 469.85213620230377
120.02510089253087 67.36847666405264 467.4559926539141
90.26081808611859 70.46458027283096 456.047011102606
150.89540445958386 120.49048671575252 459.776529487518
152.5446957950695 15.532974566173285 480.12272056701573
170.09047070591245 177.3017030957935 466.44224647797625
55.681415122807906 77.25163039552667 447.4772228012456
79.06380832015468 10.17723431158284 469.7124012734282
19.486197483059108 133.99215583349724 464.4731819578848
114.16677951663262 178.97344028560934 473.35552950474937
142.64115573983312 83.1533348322475 462.68771545536606
191.563929559176 83.4260304761705 445.924977105159
118.05346065097875 73.64784148567682 464.80765953376556
21.374463566741753 186.0365089403557 471.22867654191504
191.92281774406314 155.04355686995027 466.70735787141075
152.92625502770403 41.69689341424074 475.50453263698756
60.54797327312915 66.9959662088308 459.9734283631757
28.684961472790917 44.77540842749026 446.6022373510524
135.52786354364147 157.400962504411 461.7572956288315
70.30247318090197 40.49141895080499 464.9664803198569
30.41609331894779 102.94825534919534 446.03845481035376
199.78508502751944 34.85003019306161 465.09915470044285
84.5106748820273 164.7728657494205 473.0044456997585
15.307792789151353 32.902155805227196 438.5109848518946
76.56131713194382 148.24980163588606 463.2054102606524
75.95246041046614 174.1108602518821 472.5037266135233
71.40505938292763 137.37264950429946 465.29532667729796
14.974139251196128 24.506039712074255 436.5190013247716
56.0353748795041 166.58285677030855 470.9817386544119
100.14722179036406 4.825901793610288 479.749871623221
10.90120319886434 60.470097503388075 429.221750086255
93.60692377058983 85.55223650274424 462.79538154020094
62.638450251304235 167.01305776273063 471.9349210555673
117.44963883286586 145.27604623258512 466.1477075943704
124.66082520667663 199.5577159497826 472.135700976854
8.210318254712657 79.72240856235592 416.0097767573068
168.2836883601547 1.2041759170264177 471.5547929751906
97.79317274269836 175.04702088401604 455.18420115402427
144.78761338379354 9.784893952495267 466.867477286896
65.82345510066257 122.12623832973952 449.72865189196835
188.47802770950096 199.37226034963834 457.3194769619151
2.043396682432852 100.94791091270103 433.44283971079085
64.45565773280883 24.925141841380636 454.7430451677143
166.82081812168641 154.3976273840141 459.73001343070655
41.382994399824646 77.0094994735462 420.1844723745263
150.0654095770413 13.205709043332803 480.74164913703936
94.04053012152222 196.31364400592625 449.8787491003212
40.7413503948723 108.10336664723168 436.66066247495525
174.95804388967377 62.79913344695414 453.8514793630261
48.25522830834299 100.85930370621605 436.2886263229111
129.57679778137668 86.56779380789128 458.02151856713033
111.65264772576285 31.924788669462465 461.43854751739036
140.31919181367476 177.07794765724347 459.2525697957487
91.13003472602308 138.0046994262281 452.59622012651874
152.77495156954893 160.02649971059898 456.43403967819677
9.103386975898054 119.09114894588102 458.82067739517964
174.62960304656443 131.70737979193484 453.9982685483603
127.47165965821917 111.17537496877385 451.3673208511386
175.17113294849065 7.983592996282662 471.1005437375102
90.4840274548975 158.7074441860035 461.5330282744785
184.40473930135775 64.3302059872613 440.6020973714497
140.05937478220335 33.22671227759062 461.26348312749843
98.66482610907228 60.107060753361694 452.54976391813824
93.1551862434537 6.249459710911287 461.43386134794645
141.03691845880925 23.072182403978168 464.72762617563416
11.74189471231144 151.12976623337062 451.642850729566
58.7089086325707 38.220458178925476 445.8403728640286
104.16675363653897 22.08164002360371 461.0006947178664
171.02833268621745 190.1114235612517 461.04456942450076
129.3461839269306 188.32908961277002 452.67815272556436
130.06316803146186 150.54136880434334 451.4838984082415
104.61443346844308 149.0156322205189 458.912563146776
87.82498386418168 89.09943993252512 450.02975661002813
29.544106883538902 81.45009841604072 419.18935217248116
162.08229463411848 141.88425219180087 451.01077666927324
104.24077042880171 100.98339953009736 453.77175067244025
