200.0 200.0
1 10
40 40 4
37.833662234011456 165.57835259675636 24.66842639550459
87.16298973229068 37.42748744365252 23.340919327554815
120.08072878698204 165.87567748511108 21.843837955620614
80.34186379621504 119.48915518259955 22.89783103651991
108.94543914550015 186.9152246603218 22.4850524857781
131.168705793049 179.82171560421634 19.365715236819515
54.10754067301917 73.74309611627513 26.637369824787793
148.81942816597075 133.52032366553487 25.338254898055983
124.02731534162372 135.49771597144843 22.1797215609931
109.80291940192642 178.37762536521186 22.70110415810825
119.93326553866537 119.25076413245112 23.71165255116604
190.07817076765642 79.55441638851006 24.03266157158118
83.87143959107716 21.67454902734205 25.289259220364794
91.07436891632639 123.37430494074444 21.76054325228806
13.746216817375934 23.39313228408768 23.365108069642833
158.09616680462642 98.38912364311054 22.078217689645427
179.66195615643156 176.1275718839714 25.435782004246263
104.17977112463663 11.273802390228038 23.113465170869382
151.6665030875147 179.3358493392794 23.645781968634275
71.53673887204232 75.34099769259335 22.709172673095473
12.152075720456669 162.82329862927708 16.79209701696702
41.53285343787614 156.40317683576774 20.561270734307094
132.09435272575115 5.616258436374277 20.805123126889796
121.34317703507757 15.734050485575125 22.24365061980098
90.45474985185373 114.46285952379544 22.048852910395734
99.34715737684527 185.37762498778815 20.92447500244237
20.07160831597936 195.00390774208714 19.02940248866276
29.6485530390894 103.85415187060704 24.7577982698179
8.287068971609202 87.93279463196065 27.657484321502437
88.74215712659836 162.17320582833804 22.846264636392924
187.1471312089259 2.9849051332158316 26.96401000302625
35.094759504982484 22.3363373629339 22.963336885244807
118.24275396787004 162.05156417203378 21.85579587996135
84.92125131873307 83.07751401174322 22.627614261254994
179.95087227537854 74.52306685456027 26.81811506113912
68.27384859068665 82.56607087823755 23.663962898867197
58.0038646928702 99.8907916021607 24.58387076706976
87.79263661568974 59.61621890283511 21.975098898456316
20.46137827168866 195.38203382529784 19.246857105251628
19.40004239125368 158.87132292344467 18.309955046258384
197.70126492537437 100.73458797505546 14.625658839828068
93.16645030424853 6.96121682663986 11.99264287082529
141.468352462971 189.83755480845463 11.577799913304267
187.85025733858288 0.49174035335841637 14.80903221769814
105.13735079861375 132.75528055513075 9.039802720059415
117.7614053669546 161.07343478505445 10.903880586050114
24.763963064662576 148.63480094692264 11.704188942953627
129.95078842754407 22.512344536623054 10.995054542992069
182.34016214211331 133.13882033426685 16.880404547050926
49.518530581108244 46.122888851147614 14.149336836145336
145.40822618666763 141.04062117664546 12.444089878731923
88.65622322738706 190.83010970249734 11.507108576432287
22.956139154370582 151.79097295409395 10.806918828125509
8.081858975272338 111.024301325569 10.89531749894766
185.3033566278668 91.24772472273501 16.81112638102636
12.081540373728949 167.56041978920803 6.701100728755638
27.848355397440994 169.27130188819478 15.091344381962003
191.6978683013896 11.348732426221343 18.85118688398927
79.28079129769831 95.92867373004428 9.824794220920925
71.35981906419293 193.15504957786985 8.802621778152421
121.81180397285507 110.82237761188784 12.605522627189593
65.01826925267333 111.74849184542528 12.000179386183897
195.06271036030924 167.1645262303799 11.164703180763976
22.347445485688567 46.57953450884984 10.905976109172192
60.30846022783476 169.66776073100309 14.752575313524181
115.64146867205325 124.0985387137995 13.247265323217098
150.9535542230914 27.948323571158994 15.821388256616409
155.96207461148808 52.38724557588592 18.102211383006352
65.03167106458125 103.7412479106131 12.9873315741675
39.083978574929354 99.0250879692848 10.000000000000002
96.02150119181825 185.0456658887922 9.990866822241562
12.457197627392414 96.10970641636936 19.881408022823727
107.28671949644617 95.09854972504901 15.390881339952955
192.65594011697388 36.712455646564024 16.79059942605167
112.53555169318967 187.6375738122245 13.22459891442802
79.90761389532162 148.41332123866394 10.257616043457988
13.164804235149962 104.8563529666433 18.01344986168858
104.35164054404211 49.29728051279045 10.270215788633488
198.06682406786484 191.1354144619375 9.22672962714594
12.121572637156252 27.04377746034239 14.380537067088863
95.6402623644401 110.18294813143598 12.004685392128124
