200.0 200.0
1 10
40 40 4
17.057662481390068 69.04533302963074 16.667042800008034
196.87630654772786 170.04417843549072 19.02650706129443
75.06482388603555 181.62047536384677 19.01296477720711
145.0868092306966 42.16957913426032 27.061913804734054
43.09719103808576 177.21589770237432 21.195454711147818
14.842733158366638 53.43230033274842 17.601961848581603
87.89208751017587 176.79616354951375 20.471125755874446
191.25188773150325 129.19658778697112 19.219378822855838
5.408947660435381 13.715910723386626 20.114243803366968
183.18786337482086 7.250195329557818 16.362427325035828
194.64435177452785 38.38333194494346 19.00700056196774
4.787569188658769 86.41983377893503 18.018356846937937
77.2907049670443 56.57309863674047 17.026339338481534
70.3631798153015 9.48185307358207 20.696639064350663
19.569917354942667 86.19022624962031 17.496094836958463
124.91765975421936 170.63908849329923 19.251425581030585
170.7102826405553 17.219951197113215 18.824209712543578
127.54308589675516 68.65570062290207 20.296430926196113
32.86004392093296 181.4833847663739 22.05140495860848
57.91686969979422 17.055391815713293 16.96479731425196
115.1527720584186 19.98124035589768 25.88992103477988
65.91630846087642 105.81255133334034 18.479996829939594
104.19148685129667 162.80219411223013 22.439561177553976
155.7726649899434 130.29253028374183 17.99095888365018
194.83278851018747 109.56291172138923 16.03344229796251
120.28076961297688 124.77279316275806 21.018873399263654
160.29652387359653 197.91855166703627 18.953733289274936
125.0609441488786 35.86617859494836 20.406935172494634
182.29536735273055 40.05764523899729 28.03573686770995
44.91266189585274 118.0188934676393 18.469717323527387
165.58598335108664 6.137218623216478 18.0
10.949173479350316 188.36003540091727 25.92475571059607
107.92171355526527 64.13031452919088 17.412543716348956
199.30294971014334 148.56877821410404 17.121572897776048
192.58174897993655 184.04640864111627 20.911495388682454
125.78849654175623 4.948484754979532 26.379396041221877
84.12587411161982 27.344070058365567 18.504887016794115
136.1285477561322 106.50798681524549 19.785796141445843
151.5516490766531 137.7402561969843 17.82855759023061
136.38099528663471 54.60605900019513 23.72043485481104
176.59714786575938 101.0883684434524 6.88448955702259
121.9413782119532 86.99299727700902 8.710851361375
89.0470725336251 94.11448523299232 5.067506507468975
33.386496743861336 56.04714655786231 7.819145685114123
83.47428619883961 23.239207324507284 9.683994247845474
100.47726166874263 6.9521781719710685 12.19048703813017
48.87192144178387 84.43111522559323 8.574438445357705
37.631793623502794 3.988784610572371 5.137846379506145
101.55867624275692 114.02843831728511 5.554526419434465
141.31820140622335 184.1499127966663 8.137984950175781
118.36574615242131 175.84129660303657 4.4011822013322135
37.66286322240082 22.903647395455607 9.034519552653618
5.677176314650878 83.47758265147185 7.147157129527928
187.33558808618042 132.01656960075232 5.8704315373865485
85.89954263722268 30.988867822017376 6.035581150739287
36.33113721912211 2.2675063052117306 5.188973478586254
193.602596033202 45.65763448817597 7.580210759256765
90.83976770212668 116.4202315456774 5.595706733703239
70.15360071799502 36.96208940882073 11.429290561545129
140.18384235356922 35.625166406877476 15.726956814168698
76.42771755441811 123.05700243397146 8.920249904877641
65.14888861882761 139.37317670633377 10.53205216301025
117.12446436612616 151.04746537543286 6.759038079015502
65.39147590579549 25.181667565803178 7.927455619983309
0.5774267155739699 107.94851480362031 8.593963999547537
37.037548577511934 0.26404708253264797 5.551432502373823
105.22966312537136 123.33889752878686 5.683039265161408
2.9370348285675085 79.39590576087446 7.362744019263339
83.22943271143095 99.09341354312775 8.652401844553332
1.9082616135313257 105.13320982933851 8.20840886800907
192.48255966669606 30.47048457393675 8.521790736134692
43.78405336023812 141.539680172348 15.20568530962565
91.39827189800404 143.49394563545474 10.412395372925063
113.66983038360634 189.04035055281366 5.733966076721268
173.3281804573729 8.6856142504794 7.490655572874424
27.622918026249987 92.59215385652442 6.753529511778769
38.84063592890177 124.37652042119274 9.707867326053368
79.29396142033087 134.52044390832657 14.018209689452199
39.247323618142005 82.80081505431053 9.060234616164976
170.67532384849937 102.65265379355357 6.846093473189541
98.0638808279555 89.51578466466837 5.2093428983623475
