200.0 200.0
1 10
40 40 4
123.83171597974571 109.24754913168226 99.25840440823589
83.74263708988674 117.04505058113423 17.184748550973442
25.588631638138892 26.93190099529872 10.0
144.75760609011573 14.572256414159668 67.54402420663318
160.46437472515396 139.54168894977929 33.6683875734534
65.50826228685649 151.16095769057637 10.0
61.674036531779855 64.83949745604627 10.0
148.0728849355136 16.374510049601 66.79063775279614
185.69670199268603 80.23022349893371 10.0
124.86902044568451 25.38335212593661 94.43592623610695
187.20208174545795 49.84980666190131 10.0
118.67147702583426 101.02720514978128 105.86656739769597
183.41868691675518 134.25131174396668 10.0
15.061681205319054 159.07249129926353 60.68795483787722
187.7585882879668 67.17308507361118 10.0
109.20901588076437 124.51881007049568 78.94904227618785
196.19448723692818 135.7972473512933 10.956696821551953
155.22439603322692 88.2355315610194 10.0
184.28081122257402 67.56062361738357 10.0
63.77008686087282 101.14863520293935 10.0
138.27642293741152 31.63119165263586 98.92730270972226
108.46982428113358 63.4189384356034 101.28693450480168
164.59476471961625 187.7737669728485 88.34996779737853
4.004240824577265 167.99875503256425 115.40339054778642
149.78763289899143 142.71891756721553 76.87210939641041
168.60895601010216 140.26466581139957 37.37516926668239
178.40730512800803 10.953982437895004 10.0
103.37798956410987 188.88403263933452 21.84323076855176
144.5237191945145 157.50348762261802 105.63223168227205
95.35809220385528 45.633871564205506 56.90150696968169
19.102498953016166 92.42749262308647 10.0
80.94301354358035 196.96337012050603 10.0
161.47808966077025 16.50042471878679 10.0
76.1230086157936 52.186808001522714 19.66305607815921
124.3986222097962 156.28138819676985 87.59425079879311
36.95302252167141 97.79246633403173 10.0
37.48311674877547 94.76661674866993 10.0
20.381458453750678 182.38987093775017 77.35241299919944
59.27177139343887 51.66927984343448 10.0
4.571477699548088 71.74931770858781 40.67981920436118
106.84179233306898 145.6205667471578 32.37288449820637
21.78586153236104 128.97098658152854 -1.0
80.41558891432119 164.88754155326424 12.766364672652712
52.12234470324917 175.59119947021878 -1.0
184.7016278890521 48.349932630071876 -1.0
35.72847283908524 58.576209646343536 -1.0
39.80167996771835 113.92314263836303 -1.0
33.189129985550366 44.94691518703897 -1.0
16.257618099484272 118.3189441606727 0.6810558393273001
3.3566018861914904 115.31158347729087 37.327656397723125
87.50399765677439 130.24755863069052 5.672531096305968
148.79152399433175 132.69071189900586 46.53397638353872
75.83082730522321 142.83799335711657 0.7971113091953257
15.040640920235937 13.350737821787595 -1.0
96.32537436716571 19.541314884303308 24.775494254957955
15.609015096712287 115.38070501514939 3.6192949848506117
172.58947409625284 104.91638746343095 -1.0
61.837999746162794 162.3520294767538 -1.0
95.48348708691591 113.8442876733625 46.76955373403738
131.73007139885044 40.92158242759072 90.79851132241426
130.0234460634742 40.41082657816659 94.14590764544407
148.27366565865196 12.590133654478809 52.21246320819168
87.0931883383506 129.81872538680966 8.373104638905836
35.19258010061819 190.50484293868598 39.155113026531176
42.13937903532097 183.66033889632155 4.090712193978118
7.912141583505705 31.773676680253082 -1.0
22.0281990460107 33.22420203792935 -1.0
33.855558487805816 2.524255871153369 -1.0
32.76433638215106 66.61640991127611 -1.0
2.9041685446681065 58.889268600058564 22.15007413335576
151.13676608069662 121.81386636362528 24.694106999478105
72.26250619312604 150.33947020844468 -1.0
194.02090555693712 75.58728922822844 -1.0
161.32060345881075 95.96107867949209 -1.0
50.41648286864528 188.37342205781746 -1.0
50.18113280227274 78.27671354709425 -1.0
169.1870972703064 114.44522296671309 0.11095540665738213
191.41542394343332 178.28467161711893 7.176116050704163
180.3075566674747 83.01482588940812 -1.0
81.32841893289677 4.618804982533664 4.776795892604933
96.49773623159483 98.18473445538771 60.225284556795025
